	Six_mouse_models37455.py	Six_mouse_models20174.py	Six_mouse_models38690.py	Six_mouse_models10811.py	Six_mouse_models15117.py	Six_mouse_models24968.py	Six_mouse_models918.py	Six_mouse_models36618.py	Six_mouse_models12314.py	Six_mouse_models22789.py	Six_mouse_models8863.py	Six_mouse_models24535.py	Six_mouse_models39421.py	Six_mouse_models23566.py	Six_mouse_models27791.py	Six_mouse_models36432.py	Six_mouse_models30179.py	Six_mouse_models12750.py	Six_mouse_models8255.py	Six_mouse_models49893.py	Six_mouse_models23222.py	Six_mouse_models17756.py	Six_mouse_models48513.py	Six_mouse_models24703.py	Six_mouse_models31015.py	Six_mouse_models11370.py	Six_mouse_models7247.py	Six_mouse_models6364.py	Six_mouse_models49081.py	Six_mouse_models18368.py	Six_mouse_models28062.py	Six_mouse_models33861.py	Six_mouse_models14178.py	Six_mouse_models36715.py	Six_mouse_models4575.py	Six_mouse_models24482.py	Six_mouse_models25136.py	Six_mouse_models14262.py	Six_mouse_models44251.py	Six_mouse_models48573.py	Six_mouse_models38755.py	Six_mouse_models655.py	Six_mouse_models2564.py	Six_mouse_models25663.py	Six_mouse_models13801.py	Six_mouse_models20327.py	Six_mouse_models9268.py	Six_mouse_models23848.py	Six_mouse_models19966.py	Six_mouse_models2110.py	Six_mouse_models24016.py	Six_mouse_models23833.py	Six_mouse_models26036.py	Six_mouse_models9042.py	Six_mouse_models44717.py	Six_mouse_models25959.py	Six_mouse_models20817.py	Six_mouse_models10289.py	Six_mouse_models30124.py	Six_mouse_models9465.py	Six_mouse_models32.py	Six_mouse_models43061.py	Six_mouse_models24027.py	Six_mouse_models43439.py	Six_mouse_models32878.py	Six_mouse_models18683.py	Six_mouse_models17239.py	Six_mouse_models18082.py	Six_mouse_models23837.py	Six_mouse_models24115.py	Six_mouse_models42115.py	Six_mouse_models12693.py	Six_mouse_models469.py	Six_mouse_models20897.py	Six_mouse_models13033.py	Six_mouse_models38578.py	Six_mouse_models46556.py	Six_mouse_models2070.py	Six_mouse_models17178.py	Six_mouse_models4952.py	Six_mouse_models3269.py	Six_mouse_models4128.py	Six_mouse_models49270.py	Six_mouse_models45856.py	Six_mouse_models39041.py	Six_mouse_models9617.py	Six_mouse_models380.py	Six_mouse_models4407.py	Six_mouse_models22040.py	Six_mouse_models48086.py	Six_mouse_models5551.py	Six_mouse_models28097.py	Six_mouse_models40464.py	Six_mouse_models25517.py	Six_mouse_models5535.py	Six_mouse_models33140.py	Six_mouse_models36748.py	Six_mouse_models24474.py	Six_mouse_models19402.py	Six_mouse_models28226.py	Six_mouse_models31826.py	Six_mouse_models3490.py	Six_mouse_models25955.py	Six_mouse_models10170.py	Six_mouse_models16824.py	Six_mouse_models45064.py	Six_mouse_models10486.py	Six_mouse_models16162.py	Six_mouse_models38863.py	Six_mouse_models15504.py	Six_mouse_models11017.py	Six_mouse_models26179.py	Six_mouse_models47608.py	Six_mouse_models28537.py	Six_mouse_models36339.py	Six_mouse_models44324.py	Six_mouse_models34148.py	Six_mouse_models48880.py	Six_mouse_models43457.py	Six_mouse_models18305.py	Six_mouse_models12049.py	Six_mouse_models26804.py	Six_mouse_models34188.py	Six_mouse_models26653.py	Six_mouse_models1007.py	Six_mouse_models27183.py	Six_mouse_models49851.py	Six_mouse_models40438.py	Six_mouse_models41648.py	Six_mouse_models29270.py	Six_mouse_models2970.py	Six_mouse_models433.py	Six_mouse_models2596.py	Six_mouse_models46861.py	Six_mouse_models9475.py	Six_mouse_models3660.py	Six_mouse_models35271.py	Six_mouse_models4828.py	Six_mouse_models43407.py	Six_mouse_models33559.py	Six_mouse_models436.py	Six_mouse_models19407.py	Six_mouse_models4411.py	Six_mouse_models41645.py	Six_mouse_models24658.py	Six_mouse_models35416.py	Six_mouse_models17088.py	Six_mouse_models15222.py	Six_mouse_models40675.py	Six_mouse_models28548.py	Six_mouse_models44200.py	Six_mouse_models749.py	Six_mouse_models25281.py	Six_mouse_models29151.py	Six_mouse_models39562.py	Six_mouse_models18989.py	Six_mouse_models39307.py	Six_mouse_models27280.py	Six_mouse_models45447.py	Six_mouse_models49200.py	Six_mouse_models8909.py	Six_mouse_models46675.py	Six_mouse_models10710.py	Six_mouse_models677.py	Six_mouse_models37595.py	Six_mouse_models44792.py	Six_mouse_models35625.py	Six_mouse_models47451.py	Six_mouse_models48604.py	Six_mouse_models39401.py	Six_mouse_models21704.py	Six_mouse_models8585.py	Six_mouse_models33993.py	Six_mouse_models16182.py	Six_mouse_models39436.py	Six_mouse_models48847.py	Six_mouse_models21597.py	Six_mouse_models30079.py	Six_mouse_models14974.py	Six_mouse_models19283.py	Six_mouse_models4772.py	Six_mouse_models7712.py	Six_mouse_models14155.py	Six_mouse_models39349.py	Six_mouse_models43352.py	Six_mouse_models36290.py	Six_mouse_models26931.py	Six_mouse_models49815.py	Six_mouse_models9766.py	Six_mouse_models46973.py	Six_mouse_models33238.py	Six_mouse_models29317.py	Six_mouse_models22723.py	Six_mouse_models32887.py	Six_mouse_models23955.py	Six_mouse_models23349.py	Six_mouse_models48145.py	Six_mouse_models47029.py	Six_mouse_models1439.py	Six_mouse_models23784.py	
Six_mouse_models37455.py	0.0	2286.181	935.214	242.066	904.996	2340.014	364.221	815.829	967.307	914.769	2281.595	911.896	966.271	2284.831	2309.766	2323.961	2373.969	2185.681	2276.853	2351.301	872.439	2334.971	2235.626	2326.412	911.344	783.392	2280.539	902.655	2231.649	2285.359	921.903	2258.813	931.933	470.151	2284.008	961.473	2271.868	2265.484	2256.97	1023.44	420.075	2209.555	2263.661	2207.731	796.967	2284.834	934.039	900.186	909.105	930.554	2279.869	911.396	789.951	2370.125	803.965	1010.163	2210.486	426.208	2245.919	1009.9	2270.285	2252.051	945.599	905.177	2236.981	422.182	906.367	908.85	2306.045	887.349	797.051	2272.501	940.434	2365.213	1009.369	906.221	2224.769	2308.82	2273.728	2274.26	2378.663	2341.766	976.217	2331.502	2206.496	903.146	938.265	2312.728	2339.541	881.288	2370.251	2283.268	993.4	2309.139	491.244	792.788	2212.117	2326.412	2289.843	2328.974	2276.355	1012.257	953.98	2280.813	2258.127	787.656	2277.659	930.019	985.684	2378.274	2315.242	448.644	2304.319	2254.02	1011.241	532.093	1009.041	2289.421	1010.954	484.383	2267.641	2265.315	823.522	2235.237	2293.893	1000.219	917.016	2236.694	2300.218	442.894	1012.916	970.65	882.521	584.958	972.022	2313.388	967.978	2196.785	2206.105	991.013	981.196	817.412	987.354	2301.087	2274.581	929.445	2237.728	503.095	986.234	2317.275	2271.622	406.833	817.135	896.504	2285.492	2232.61	923.781	970.778	908.386	2376.631	953.139	2295.776	921.632	2313.621	965.892	954.82	942.246	941.377	505.75	965.879	2208.436	2352.975	2253.545	1009.515	828.097	2220.34	2317.783	2313.129	2261.111	2331.191	852.199	973.939	2222.423	873.441	2282.78	486.044	997.927	950.475	525.896	2230.486	458.013	2284.855	976.156	978.66	993.043	881.033	957.419	992.631	2184.691	2261.562	
Six_mouse_models20174.py	2286.181	0.0	2346.246	2299.972	2360.687	800.121	2290.086	2339.975	2380.789	2328.859	816.881	2329.949	2342.537	443.592	824.1	778.201	794.647	545.449	808.261	801.078	2331.076	810.683	871.829	763.367	2304.814	2332.946	791.482	2305.641	868.492	831.006	2301.359	600.552	2306.21	2299.954	801.245	2360.172	294.649	770.82	805.772	2371.468	2291.924	861.558	870.375	895.062	2311.645	867.404	2352.828	2358.814	2321.907	2302.604	818.07	2349.721	2314.031	789.268	2289.676	2378.934	688.679	2248.037	933.097	2384.237	824.087	593.2	2354.782	2295.639	881.324	2246.419	2291.161	2340.026	882.211	2309.625	2313.225	807.727	2337.098	803.443	2380.047	2328.692	919.079	876.435	851.301	859.087	902.58	881.453	2295.612	842.397	920.755	2268.983	2284.489	912.119	840.539	2313.14	877.292	859.067	2361.126	739.44	2323.142	2291.504	761.41	880.866	820.943	792.566	760.594	2349.112	2378.176	781.515	576.345	2309.92	732.875	2271.45	2353.059	909.574	857.201	2320.132	845.814	771.993	2384.139	2303.023	2355.736	881.028	2395.858	2293.677	848.617	921.797	2298.191	619.532	873.399	2370.276	2255.91	778.551	775.181	2273.128	2367.936	2377.766	2334.908	2254.774	2288.007	736.454	2336.296	618.655	907.611	2370.436	2311.768	2258.998	2307.442	872.388	882.124	2335.83	916.536	2276.417	2336.266	876.344	724.084	2273.27	2323.876	2295.106	856.264	826.338	2303.892	2316.89	2375.666	886.724	2270.781	848.026	2302.244	823.71	2323.252	2320.246	2348.642	2269.945	2317.555	2263.949	618.379	868.778	675.219	2387.941	2308.885	630.097	857.584	842.808	903.361	872.284	2347.014	2334.93	935.383	2293.535	753.543	2332.935	2315.046	2297.946	2285.979	858.55	2307.715	764.428	2325.571	2328.856	2354.208	2346.742	2299.868	2314.0	900.443	911.738	
Six_mouse_models38690.py	935.214	2346.246	0.0	931.874	241.684	2212.188	903.159	461.048	205.731	372.675	2222.87	312.641	308.853	2395.801	2207.6	2222.141	2226.91	2316.315	2222.743	2226.439	352.965	2230.855	2251.813	2238.317	377.569	510.827	2227.302	354.239	2260.905	2196.969	412.953	2345.004	353.784	982.392	2237.435	251.527	2332.362	2234.888	2200.182	274.829	1014.515	2244.51	2258.041	2244.216	530.427	2216.132	236.122	358.03	350.79	414.395	2212.418	274.444	528.737	2221.14	585.438	390.85	2314.761	864.63	2251.491	375.833	2225.872	2340.218	269.087	452.676	2256.487	952.286	419.977	315.504	2235.36	375.553	504.542	2194.899	357.735	2228.846	431.896	367.476	2242.818	2231.571	2295.11	2244.11	2247.758	2241.067	532.758	2244.54	2245.019	460.514	408.32	2285.181	2248.607	347.671	2232.911	2231.195	260.483	2243.162	997.028	583.763	2246.923	2237.795	2236.276	2247.757	2244.214	467.792	316.525	2233.487	2337.591	519.44	2245.77	507.915	363.928	2243.404	2247.907	994.641	2241.789	2239.857	389.241	951.134	494.967	2224.828	404.708	825.092	2237.606	2274.531	605.207	2333.717	2209.572	410.739	489.735	2210.618	2231.869	1065.786	373.364	423.772	486.808	808.785	544.953	2249.057	394.304	2311.714	2247.389	393.166	376.059	667.462	492.622	2225.003	2279.585	316.896	2266.261	775.904	347.739	2264.134	2250.441	1031.527	595.763	395.778	2229.589	2203.308	424.709	464.509	559.28	2258.001	581.833	2228.419	472.836	2253.686	474.777	455.627	473.053	472.619	974.711	577.196	2303.045	2258.114	2343.509	392.941	633.719	2326.274	2216.215	2230.146	2212.595	2271.664	567.879	387.164	2256.46	693.434	2244.652	850.573	490.142	485.301	871.059	2198.358	984.39	2244.782	435.564	453.364	435.588	609.192	446.049	519.491	2222.722	2233.568	
Six_mouse_models10811.py	242.066	2299.972	931.874	0.0	887.923	2345.672	430.91	791.22	959.682	932.131	2285.058	883.866	949.365	2298.391	2325.426	2329.338	2384.95	2204.767	2275.795	2349.588	872.438	2344.394	2242.474	2330.547	927.53	800.122	2284.097	914.858	2228.224	2294.344	920.56	2260.035	950.536	529.363	2297.378	947.065	2293.426	2272.121	2266.034	1005.089	466.007	2218.239	2271.214	2205.707	818.281	2279.803	926.449	884.66	930.472	920.426	2295.635	896.65	790.651	2382.689	825.61	989.365	2225.286	501.043	2245.822	1001.769	2269.398	2266.909	921.947	905.734	2236.492	441.589	918.769	902.387	2303.303	886.033	812.472	2283.726	917.189	2365.278	1011.365	931.16	2222.358	2314.523	2267.909	2278.925	2380.852	2346.339	992.0	2340.304	2210.44	915.526	955.429	2323.136	2349.776	876.793	2374.231	2285.283	962.552	2314.299	448.127	805.142	2241.527	2324.483	2287.243	2330.674	2279.941	994.141	956.7	2283.223	2280.33	805.874	2287.336	947.704	956.568	2377.122	2317.829	510.635	2312.234	2264.137	1002.763	540.372	1014.854	2301.363	1016.848	551.073	2270.694	2267.208	826.192	2253.273	2295.38	1004.489	914.467	2249.092	2304.692	521.04	1004.449	914.407	881.064	624.053	968.002	2321.899	980.433	2220.977	2212.877	995.018	983.604	842.453	952.541	2314.322	2280.133	923.925	2241.96	537.634	987.26	2319.06	2280.727	465.044	827.334	911.587	2286.588	2242.376	904.122	982.896	891.467	2377.749	968.933	2298.168	935.301	2327.634	962.31	962.43	924.803	965.8	463.599	962.582	2230.469	2352.535	2269.281	1019.457	835.463	2237.217	2319.471	2313.693	2261.148	2331.666	846.175	959.641	2225.057	840.196	2281.54	564.159	1019.175	934.04	555.138	2233.906	491.195	2279.66	992.836	974.003	974.522	875.425	987.093	989.015	2198.099	2262.482	
Six_mouse_models15117.py	904.996	2360.687	241.684	887.923	0.0	2228.379	849.45	339.387	312.549	387.626	2247.6	317.469	322.805	2403.856	2226.813	2235.002	2233.361	2317.309	2243.939	2244.683	281.641	2249.543	2258.849	2253.613	401.771	489.796	2248.066	373.041	2255.074	2221.066	424.233	2352.586	436.776	942.297	2263.157	216.163	2357.284	2254.333	2225.566	371.715	951.81	2249.438	2260.12	2236.757	485.917	2230.72	339.081	370.179	459.32	437.006	2230.021	326.509	512.531	2242.776	558.809	405.821	2313.117	841.921	2248.0	426.115	2248.463	2354.213	344.494	463.798	2256.811	916.037	460.138	332.619	2244.477	441.042	471.034	2214.978	417.686	2241.316	475.997	423.466	2229.612	2254.389	2291.4	2263.547	2269.702	2262.633	536.067	2267.178	2235.603	498.813	419.58	2288.27	2266.639	394.181	2250.899	2237.34	273.289	2263.203	928.779	532.416	2250.247	2259.439	2255.937	2255.339	2268.098	472.264	432.494	2251.984	2359.471	476.792	2266.336	530.304	366.254	2263.084	2267.411	965.434	2267.686	2263.28	458.647	918.17	508.661	2245.925	424.896	779.59	2253.753	2275.559	537.715	2333.213	2225.729	441.154	496.852	2231.763	2255.77	1021.584	440.908	419.907	388.872	857.306	503.885	2263.801	408.101	2317.588	2244.062	463.645	421.442	651.542	487.81	2235.983	2279.631	399.95	2264.6	775.478	422.731	2287.714	2273.674	966.946	574.335	445.753	2253.946	2226.16	455.158	500.637	517.399	2271.197	573.691	2251.907	524.314	2277.685	508.496	472.032	410.723	499.451	902.935	545.881	2310.289	2277.702	2342.126	452.364	581.152	2326.273	2236.852	2246.165	2234.456	2295.663	542.205	447.517	2252.858	632.851	2263.009	806.925	538.434	499.774	820.566	2218.175	977.228	2265.283	513.946	441.767	437.421	579.356	491.879	512.419	2223.852	2252.114	
Six_mouse_models24968.py	2340.014	800.121	2212.188	2345.672	2228.379	0.0	2362.092	2247.689	2234.924	2203.223	294.44	2212.249	2214.74	907.131	229.628	341.97	315.066	942.513	364.767	337.394	2203.323	404.022	518.231	396.425	2210.293	2252.269	371.709	2213.203	541.706	259.465	2210.01	936.656	2195.843	2356.82	385.761	2233.494	809.366	348.143	278.558	2217.68	2348.25	549.695	486.547	632.299	2240.953	443.685	2216.388	2205.595	2239.675	2212.581	377.34	2225.323	2243.508	314.456	2236.344	2256.888	1054.245	2317.678	611.522	2245.207	413.572	950.04	2227.837	2210.265	551.815	2305.278	2204.185	2219.548	487.15	2228.631	2244.148	233.233	2209.341	362.254	2277.409	2199.345	615.313	473.444	553.652	445.93	533.833	489.169	2202.712	448.406	641.602	2196.693	2206.227	652.062	459.995	2222.25	478.888	429.585	2212.975	410.329	2398.28	2232.457	835.795	487.358	437.358	359.039	407.401	2266.42	2223.655	414.26	918.492	2255.282	378.978	2164.235	2233.193	534.306	515.619	2381.877	464.461	440.992	2237.853	2371.446	2266.962	424.15	2250.193	2260.825	467.064	682.406	2230.179	1013.039	431.565	2237.098	2188.586	438.36	344.239	2314.803	2241.146	2215.54	2205.63	2306.954	2198.075	368.8	2212.08	1001.911	587.757	2255.267	2225.444	2207.186	2207.828	435.801	632.842	2233.796	676.044	2303.68	2233.028	553.874	414.52	2323.319	2263.912	2214.547	483.076	460.265	2234.688	2247.133	2302.81	562.88	2192.363	449.658	2238.853	484.669	2255.685	2201.104	2273.797	2176.37	2386.958	2197.553	899.896	489.402	1060.629	2254.704	2262.29	1019.427	420.359	419.575	514.191	534.703	2298.819	2249.182	724.051	2246.045	425.085	2302.521	2229.288	2214.185	2248.313	519.655	2364.788	436.009	2249.461	2246.746	2248.812	2303.817	2212.663	2242.439	644.285	609.571	
Six_mouse_models918.py	364.221	2290.086	903.159	430.91	849.45	2362.092	0.0	827.19	935.419	881.042	2329.483	885.019	901.634	2291.143	2338.525	2348.98	2360.65	2234.527	2310.416	2380.137	844.499	2354.488	2299.479	2352.562	889.375	865.756	2314.374	854.443	2302.33	2321.397	886.688	2304.379	902.234	442.275	2320.646	887.052	2276.832	2312.226	2307.997	972.915	406.641	2272.981	2324.707	2258.657	874.224	2321.059	927.094	880.723	897.975	890.002	2324.622	887.209	866.658	2375.378	863.946	962.22	2246.787	292.596	2292.877	980.646	2316.666	2275.681	895.044	895.441	2300.517	492.93	890.737	868.185	2334.797	879.447	865.497	2315.27	942.721	2390.715	956.85	895.966	2274.437	2358.812	2334.368	2324.378	2402.713	2377.148	924.207	2371.937	2257.223	885.986	908.875	2359.422	2379.634	847.591	2395.506	2329.49	934.786	2345.769	525.643	826.981	2257.756	2372.191	2321.99	2380.017	2323.887	956.454	953.092	2308.658	2288.762	819.795	2319.256	942.329	958.079	2392.955	2351.619	538.685	2332.208	2297.637	1008.62	472.588	978.139	2321.696	953.351	586.231	2316.519	2322.232	879.299	2287.271	2328.01	986.245	912.052	2284.225	2335.225	566.049	976.284	911.881	822.613	528.139	926.447	2348.039	941.725	2236.89	2273.677	974.445	940.521	898.973	931.592	2323.16	2328.165	917.151	2306.342	413.766	959.979	2363.041	2319.546	428.783	878.8	871.869	2332.441	2279.607	869.727	950.926	916.074	2396.976	935.108	2324.133	902.394	2360.312	966.01	938.281	919.172	941.859	488.078	930.175	2225.268	2399.23	2282.875	986.313	860.594	2247.137	2362.877	2360.192	2301.104	2386.566	913.979	954.766	2282.074	925.189	2321.393	604.048	991.099	915.136	627.422	2267.494	601.157	2324.973	971.364	944.532	966.619	910.106	915.432	985.468	2241.165	2313.245	
Six_mouse_models36618.py	815.829	2339.975	461.048	791.22	339.387	2247.689	827.19	0.0	509.375	489.46	2247.325	411.707	468.284	2347.142	2242.647	2266.458	2256.697	2241.403	2237.862	2268.251	361.728	2280.961	2204.184	2280.459	482.822	319.53	2242.946	449.35	2192.032	2222.884	474.289	2272.811	515.431	863.259	2265.961	430.996	2333.251	2246.892	2224.901	555.162	847.174	2191.028	2226.051	2174.982	322.968	2216.066	499.737	473.83	547.88	478.232	2240.748	435.592	339.689	2255.333	360.437	542.809	2229.238	835.852	2187.983	576.55	2236.326	2284.202	448.827	501.521	2193.852	801.19	509.664	444.548	2221.612	501.22	311.065	2221.913	512.643	2285.254	590.841	513.003	2169.573	2259.246	2234.06	2235.916	2304.028	2279.823	564.858	2292.382	2175.242	528.751	515.872	2269.218	2302.367	469.152	2294.11	2207.069	486.412	2284.961	873.435	322.903	2183.944	2260.563	2242.574	2275.727	2266.349	570.108	551.094	2248.466	2295.596	297.835	2266.229	570.423	518.258	2293.529	2273.76	901.305	2265.099	2251.952	606.331	873.589	603.034	2243.084	602.332	671.607	2238.517	2228.316	365.518	2264.6	2213.93	583.212	523.34	2230.176	2264.304	914.231	582.609	546.588	403.966	928.181	520.63	2289.684	560.589	2245.105	2185.859	583.426	552.548	459.272	533.48	2228.902	2240.276	543.978	2216.121	786.295	567.642	2290.23	2272.67	856.645	392.749	517.331	2250.26	2214.284	502.308	599.968	424.915	2306.254	578.096	2245.368	553.473	2302.219	600.524	543.325	456.236	553.136	837.559	547.619	2254.967	2299.66	2268.209	618.788	376.923	2249.833	2240.776	2254.014	2216.399	2303.79	444.663	558.827	2199.297	427.438	2250.663	702.704	629.945	537.487	687.185	2201.933	925.228	2260.087	617.743	538.128	546.269	474.321	551.072	594.805	2170.339	2236.666	
Six_mouse_models12314.py	967.307	2380.789	205.731	959.682	312.549	2234.924	935.419	509.375	0.0	403.411	2244.086	358.871	340.013	2408.805	2240.071	2233.033	2236.582	2357.014	2242.876	2233.708	435.293	2237.217	2281.204	2250.357	410.819	513.116	2257.37	401.797	2292.045	2224.178	433.65	2382.105	395.964	997.7	2266.515	299.978	2358.943	2267.191	2230.819	236.388	1053.508	2277.629	2278.776	2276.285	519.525	2243.413	260.08	382.973	312.879	421.763	2244.956	302.524	542.425	2241.26	597.673	390.773	2354.382	899.41	2281.904	343.768	2248.223	2372.591	311.424	482.2	2283.165	987.443	455.506	367.226	2260.308	393.215	497.19	2228.817	364.792	2226.236	406.152	383.627	2273.773	2257.384	2303.217	2269.63	2242.551	2248.839	540.415	2260.872	2272.859	505.905	423.178	2298.372	2265.395	397.992	2230.76	2256.187	313.655	2254.122	1019.245	621.418	2280.971	2257.841	2262.028	2257.375	2268.404	495.388	303.071	2260.083	2370.396	541.214	2273.782	548.178	424.818	2239.545	2267.975	993.847	2270.475	2272.189	367.246	972.054	458.82	2255.579	396.434	870.163	2256.613	2297.142	628.982	2374.623	2232.926	416.983	539.907	2247.632	2254.077	1091.194	378.479	461.595	534.52	822.907	574.936	2264.539	412.616	2353.833	2276.99	342.645	432.039	679.907	528.171	2241.871	2301.871	334.066	2298.288	791.984	372.031	2278.976	2278.589	1070.7	578.172	446.335	2249.335	2240.493	445.542	474.312	566.754	2250.649	594.059	2255.208	446.524	2276.963	481.666	441.189	523.697	468.014	993.978	615.907	2340.992	2268.107	2384.318	372.209	627.69	2374.391	2239.65	2255.084	2237.124	2288.702	582.432	387.011	2285.37	686.425	2271.153	866.548	479.39	517.361	922.109	2232.084	983.425	2257.954	431.959	488.871	433.339	627.006	449.064	528.514	2254.452	2259.603	
Six_mouse_models22789.py	914.769	2328.859	372.675	932.131	387.626	2203.223	881.042	489.46	403.411	0.0	2199.462	269.758	289.731	2376.925	2183.517	2234.931	2233.312	2292.123	2202.954	2232.038	270.113	2241.617	2224.949	2246.503	145.391	512.477	2197.375	243.583	2228.555	2168.655	227.405	2307.581	233.208	870.804	2213.011	392.146	2308.043	2207.018	2174.933	545.124	913.436	2211.57	2247.207	2211.556	492.978	2181.074	304.212	313.116	374.138	288.257	2191.651	345.853	507.448	2205.727	507.694	510.47	2275.705	819.049	2218.146	528.735	2198.827	2300.694	396.355	273.873	2224.032	886.254	252.799	249.276	2204.949	340.408	503.009	2166.167	339.946	2254.109	476.667	238.159	2206.382	2212.858	2276.96	2209.58	2270.988	2249.202	277.266	2246.019	2208.951	280.896	256.684	2291.908	2265.345	342.235	2265.125	2204.814	531.763	2250.156	1026.165	540.051	2214.561	2221.299	2206.677	2255.577	2223.006	492.895	407.331	2206.212	2290.865	482.28	2224.062	270.799	502.465	2263.416	2234.486	1004.875	2214.796	2208.688	575.039	869.818	448.16	2193.589	500.277	763.252	2221.155	2259.632	466.242	2300.734	2176.496	466.757	337.164	2179.897	2217.032	936.111	526.581	423.097	320.497	860.502	311.618	2249.128	399.753	2268.639	2218.063	511.276	423.483	544.513	372.404	2211.324	2265.618	536.476	2242.517	767.683	463.184	2258.998	2227.314	930.496	543.442	227.712	2208.07	2162.683	382.797	447.05	669.256	2296.475	313.512	2196.85	384.575	2252.537	494.87	267.945	531.402	265.92	981.112	351.685	2270.566	2265.492	2311.173	458.176	527.475	2281.393	2192.214	2215.005	2174.492	2273.187	652.427	524.657	2225.704	604.207	2217.486	805.677	438.207	320.848	782.669	2159.928	1034.226	2227.859	479.867	441.418	522.461	688.768	252.269	460.778	2179.765	2198.94	
Six_mouse_models8863.py	2281.595	816.881	2222.87	2285.058	2247.6	294.44	2329.483	2247.325	2244.086	2199.462	0.0	2214.951	2208.042	879.808	293.222	361.93	483.172	936.412	234.449	351.847	2213.523	390.111	445.229	377.894	2202.824	2235.266	264.065	2209.64	452.098	224.36	2196.478	859.471	2184.862	2289.952	295.019	2250.127	766.144	237.65	195.262	2236.2	2281.146	472.737	500.315	519.22	2221.309	315.365	2217.32	2200.865	2223.603	2198.705	352.977	2241.232	2219.89	415.995	2209.761	2269.555	962.495	2275.036	511.297	2257.246	206.84	854.412	2232.844	2194.023	449.593	2235.043	2195.613	2225.588	393.922	2214.982	2221.577	260.666	2211.518	388.426	2270.497	2191.677	512.37	414.418	497.295	291.961	502.926	472.203	2182.606	427.691	515.295	2180.143	2194.327	650.605	456.63	2220.694	490.906	374.879	2244.019	356.091	2339.074	2207.148	802.253	428.951	297.244	339.122	285.322	2265.309	2215.808	345.022	854.005	2241.386	333.112	2151.826	2251.101	546.535	440.336	2308.813	345.468	301.044	2250.996	2307.273	2249.298	352.344	2264.269	2217.972	347.929	628.939	2204.824	999.379	321.902	2238.653	2173.931	319.506	282.369	2243.421	2248.783	2223.496	2201.559	2271.618	2180.573	369.376	2207.293	921.06	513.608	2254.066	2221.645	2174.49	2200.239	452.502	616.315	2251.603	608.19	2260.248	2236.282	421.21	338.404	2250.8	2236.651	2207.5	388.865	346.675	2225.581	2241.003	2289.154	538.622	2169.013	342.205	2210.636	443.713	2246.324	2180.902	2280.771	2159.588	2322.546	2179.891	846.471	437.162	1016.632	2257.014	2222.034	944.851	408.362	432.792	334.48	437.637	2280.748	2244.365	622.019	2213.999	347.962	2253.806	2214.313	2209.421	2196.434	367.445	2289.741	337.163	2238.58	2246.718	2251.184	2288.957	2193.26	2230.247	553.934	455.722	
Six_mouse_models24535.py	911.896	2329.949	312.641	883.866	317.469	2212.249	885.019	411.707	358.871	269.758	2214.951	0.0	280.526	2376.266	2211.018	2237.416	2243.883	2283.162	2209.706	2234.477	244.413	2253.297	2246.225	2249.875	247.804	500.111	2211.697	222.071	2237.074	2192.489	226.924	2298.908	318.774	917.616	2238.259	305.221	2314.129	2220.955	2198.343	455.797	941.919	2235.631	2264.278	2222.724	526.934	2190.292	278.184	302.435	356.756	245.428	2224.082	219.671	480.303	2219.965	545.492	431.788	2275.949	831.239	2236.239	474.677	2209.981	2300.717	261.988	248.332	2241.172	879.143	289.936	200.859	2218.591	245.616	495.835	2191.284	271.468	2249.338	473.936	327.608	2218.975	2234.384	2277.036	2233.528	2274.175	2263.133	394.359	2264.084	2223.428	304.141	333.062	2312.181	2273.123	220.467	2263.874	2218.13	396.983	2253.805	981.952	532.308	2230.032	2238.072	2216.069	2263.231	2231.017	432.458	399.655	2216.543	2308.326	483.861	2238.451	356.593	393.728	2263.097	2248.634	1001.571	2237.274	2227.258	500.6	864.841	459.998	2217.794	523.551	777.019	2241.123	2275.044	483.246	2306.917	2189.29	449.952	287.911	2204.759	2230.912	978.807	462.546	372.381	365.626	851.628	338.229	2254.264	435.483	2275.252	2232.721	474.032	405.689	597.43	327.466	2229.435	2285.777	409.086	2260.185	777.497	431.581	2271.777	2238.242	956.347	559.134	276.718	2226.417	2185.071	298.683	444.911	616.479	2287.601	383.664	2216.764	364.841	2272.815	430.028	353.199	456.322	362.455	942.781	354.68	2270.421	2270.404	2319.342	499.192	552.348	2288.528	2212.975	2228.608	2193.148	2280.002	598.481	410.536	2241.941	580.875	2222.506	808.238	484.063	319.218	791.691	2176.465	1005.819	2225.721	469.856	406.497	423.77	648.772	373.992	433.442	2208.15	2218.453	
Six_mouse_models39421.py	966.271	2342.537	308.853	949.365	322.805	2214.74	901.634	468.284	340.013	289.731	2208.042	280.526	0.0	2377.201	2197.917	2223.249	2232.285	2310.263	2193.913	2225.98	376.308	2229.102	2232.877	2233.825	326.968	575.058	2196.502	287.124	2235.101	2178.276	275.515	2311.602	275.135	921.121	2217.242	259.397	2323.567	2214.985	2187.343	407.582	952.882	2218.488	2261.767	2206.246	563.209	2174.855	327.304	343.694	398.577	281.018	2197.914	385.885	551.083	2215.516	548.126	413.15	2279.046	850.297	2210.692	475.961	2196.412	2301.835	282.832	373.77	2223.533	906.348	380.583	291.425	2191.667	376.29	532.892	2181.374	410.994	2251.966	409.027	370.335	2201.056	2217.826	2271.489	2213.063	2253.799	2238.148	340.926	2242.322	2208.61	372.587	338.147	2282.398	2263.911	345.606	2259.502	2207.258	418.432	2245.73	1009.729	532.002	2227.521	2212.342	2195.364	2257.818	2232.204	410.783	411.296	2198.93	2312.766	536.748	2231.17	440.058	453.926	2239.425	2221.961	1002.754	2211.592	2214.605	552.34	889.271	439.556	2193.986	464.677	833.663	2212.175	2254.066	561.574	2319.521	2176.34	467.998	412.114	2188.019	2216.138	1027.041	443.724	329.25	361.126	865.328	364.205	2255.242	408.709	2299.029	2225.661	488.544	377.275	605.861	347.526	2207.498	2256.596	516.44	2253.767	780.056	443.55	2247.65	2239.752	964.772	579.34	360.751	2200.302	2178.314	358.277	479.892	582.872	2270.288	444.418	2187.529	415.746	2256.924	514.302	352.046	508.589	398.712	958.253	424.597	2284.617	2260.99	2313.756	457.099	543.25	2298.699	2195.135	2215.798	2171.485	2270.072	636.013	459.989	2226.546	630.715	2212.198	879.678	472.478	405.496	832.962	2158.228	1018.475	2221.219	501.63	449.738	475.079	642.135	323.279	497.895	2192.366	2197.879	
Six_mouse_models23566.py	2284.831	443.592	2395.801	2298.391	2403.856	907.131	2291.143	2347.142	2408.805	2376.925	879.808	2376.266	2377.201	0.0	910.607	863.759	843.173	504.5	829.223	884.621	2376.708	846.273	816.34	839.603	2358.086	2349.856	840.219	2349.683	832.998	892.882	2344.014	580.286	2344.396	2291.752	846.889	2399.01	400.99	846.809	902.984	2377.988	2279.896	802.292	849.827	793.09	2330.176	894.908	2412.823	2398.009	2369.745	2339.692	904.624	2395.354	2326.852	860.622	2284.586	2416.69	512.105	2254.854	819.598	2417.443	873.833	515.205	2379.674	2350.24	801.609	2234.76	2348.849	2392.355	849.157	2361.234	2328.096	916.286	2391.68	909.453	2419.905	2382.023	822.847	978.02	782.835	854.726	935.84	918.877	2322.408	932.285	823.912	2316.22	2338.794	875.572	951.124	2351.038	949.724	852.465	2402.266	821.113	2333.121	2276.973	689.204	962.152	828.172	870.852	848.018	2395.351	2406.279	824.622	598.976	2315.554	819.292	2334.968	2411.354	939.472	920.936	2310.996	851.666	820.276	2414.263	2303.908	2403.357	901.992	2428.583	2297.483	861.66	887.274	2312.943	634.361	899.592	2432.122	2311.206	886.116	842.018	2277.944	2404.863	2404.602	2358.342	2254.916	2320.463	844.847	2395.985	603.859	877.995	2414.148	2363.756	2257.896	2336.037	846.146	841.822	2389.792	931.537	2288.3	2396.53	925.778	835.494	2252.283	2317.648	2344.469	928.257	910.333	2339.15	2379.256	2370.357	898.324	2315.699	856.05	2340.817	943.88	2395.513	2363.23	2392.709	2328.294	2317.447	2304.941	577.218	960.782	588.801	2441.92	2294.745	521.512	963.685	956.211	916.832	960.501	2367.862	2386.011	911.005	2285.964	810.469	2334.454	2378.491	2338.219	2282.91	882.618	2293.741	833.778	2389.762	2382.467	2403.037	2350.327	2337.151	2383.13	836.964	983.975	
Six_mouse_models27791.py	2309.766	824.1	2207.6	2325.426	2226.813	229.628	2338.525	2242.647	2240.071	2183.517	293.222	2211.018	2197.917	910.607	0.0	375.139	350.688	966.902	378.689	411.059	2197.723	403.861	499.572	415.955	2189.662	2239.226	343.045	2198.702	554.723	220.509	2194.628	937.599	2174.03	2317.764	311.691	2227.774	806.277	317.678	246.847	2224.757	2310.665	503.538	513.418	616.921	2216.85	429.482	2209.342	2199.511	2228.195	2199.829	287.249	2229.735	2229.208	353.122	2208.632	2259.166	1020.251	2291.722	573.019	2253.178	401.562	928.967	2225.033	2197.851	535.118	2278.021	2187.726	2210.383	443.941	2221.009	2228.399	179.199	2210.61	461.067	2265.98	2185.261	591.565	467.587	597.093	384.02	563.37	519.235	2177.645	451.552	614.105	2178.159	2184.735	644.658	486.318	2215.706	551.369	417.626	2218.144	458.493	2375.544	2209.883	805.103	492.292	411.16	395.452	429.749	2256.963	2220.303	392.123	875.429	2236.764	369.746	2147.354	2235.515	572.634	499.887	2346.692	388.915	382.149	2254.137	2345.675	2253.442	359.487	2247.817	2231.973	445.749	698.485	2213.502	1027.579	411.676	2237.245	2177.435	354.774	348.828	2277.598	2241.88	2211.85	2192.906	2294.321	2181.757	406.84	2195.066	958.985	601.939	2256.16	2206.31	2178.258	2194.458	414.199	630.301	2245.603	679.226	2279.181	2223.518	541.058	423.659	2284.713	2239.559	2194.969	491.53	380.984	2223.209	2233.237	2289.47	583.774	2174.188	400.592	2223.111	476.122	2250.447	2184.238	2269.952	2157.198	2362.048	2182.774	886.812	529.663	1053.27	2244.576	2234.042	973.874	434.397	454.008	455.468	569.398	2287.087	2249.068	712.395	2227.427	433.981	2275.348	2209.872	2200.499	2218.171	452.806	2332.607	493.896	2235.982	2235.697	2253.992	2287.847	2183.575	2233.049	582.311	571.076	
Six_mouse_models36432.py	2323.961	778.201	2222.141	2329.338	2235.002	341.97	2348.98	2266.458	2233.033	2234.931	361.93	2237.416	2223.249	863.759	375.139	0.0	382.399	958.956	314.355	299.535	2237.578	194.684	535.077	119.614	2243.531	2284.775	357.945	2236.85	576.29	405.062	2234.086	960.902	2224.189	2337.499	330.162	2231.322	799.424	351.784	362.551	2201.809	2319.239	538.784	492.963	584.091	2267.915	513.893	2240.237	2237.508	2256.038	2234.949	336.668	2246.376	2271.118	498.449	2249.697	2247.27	1053.77	2306.441	608.447	2238.912	405.719	956.455	2234.929	2241.791	548.993	2287.156	2238.572	2244.651	519.862	2250.146	2266.271	355.792	2244.655	241.083	2275.31	2237.035	616.135	488.179	506.258	483.284	435.158	397.36	2226.604	365.319	625.875	2223.116	2227.606	532.1	367.922	2237.639	392.409	547.486	2211.813	203.307	2363.018	2243.602	860.152	473.535	398.987	300.428	380.058	2263.583	2248.339	340.491	945.358	2277.421	316.317	2206.678	2239.387	414.863	409.186	2348.443	429.969	385.781	2232.809	2356.663	2274.879	448.406	2246.509	2254.452	362.276	593.832	2261.894	992.724	543.799	2247.784	2217.602	363.911	259.147	2299.225	2232.137	2230.798	2232.78	2290.586	2223.745	250.801	2234.514	1040.106	597.854	2257.138	2236.867	2223.55	2232.373	446.685	491.323	2234.487	629.611	2295.022	2247.812	453.793	379.05	2290.919	2276.323	2242.568	403.611	519.807	2251.651	2259.961	2295.062	390.792	2225.532	442.053	2262.515	398.007	2270.555	2234.914	2280.09	2214.824	2351.863	2224.354	924.107	450.346	1010.281	2259.475	2272.851	1026.714	472.526	396.435	565.221	462.902	2300.095	2252.234	653.817	2265.047	375.36	2302.341	2253.169	2244.822	2233.958	534.248	2331.531	358.617	2264.853	2261.893	2250.309	2294.17	2236.255	2262.537	616.999	563.95	
Six_mouse_models30179.py	2373.969	794.647	2226.91	2384.95	2233.361	315.066	2360.65	2256.697	2236.582	2233.312	483.172	2243.883	2232.285	843.173	350.688	382.399	0.0	920.671	486.019	418.612	2232.174	368.068	523.346	437.363	2247.23	2276.531	512.198	2242.0	613.814	396.728	2244.308	982.878	2223.891	2379.66	461.907	2233.992	808.729	510.814	450.651	2202.701	2371.892	553.759	478.983	658.83	2260.44	597.35	2247.212	2242.434	2266.019	2244.252	419.961	2245.328	2267.139	368.904	2240.59	2249.974	1043.657	2326.691	603.426	2239.666	563.229	965.706	2239.227	2256.975	567.056	2336.034	2248.521	2249.41	520.594	2265.44	2261.871	392.531	2243.58	439.674	2277.326	2236.512	627.229	587.339	557.307	523.355	537.707	477.246	2227.856	504.154	670.617	2235.444	2240.406	565.588	537.959	2243.979	510.316	485.949	2212.725	485.355	2407.272	2236.26	808.9	575.949	542.092	424.712	583.477	2275.465	2249.236	509.483	946.736	2266.686	484.835	2216.073	2245.859	509.459	583.941	2405.415	533.685	560.118	2239.528	2396.595	2285.365	502.932	2242.161	2292.344	483.954	671.259	2257.091	990.83	558.8	2258.531	2237.693	565.701	435.774	2359.152	2238.35	2230.577	2226.687	2310.665	2235.582	467.671	2244.996	1039.441	640.064	2261.142	2250.193	2217.399	2232.437	357.974	558.881	2243.251	723.08	2323.96	2252.109	629.207	569.624	2346.955	2264.544	2245.819	554.347	631.085	2257.487	2271.531	2286.069	541.438	2236.213	536.359	2274.803	569.615	2290.443	2239.424	2282.609	2222.018	2398.8	2239.324	906.395	596.443	1005.862	2260.333	2271.406	1018.721	505.025	500.334	648.325	657.629	2302.368	2266.987	754.266	2255.827	550.629	2341.2	2267.396	2241.483	2280.655	660.585	2393.502	565.025	2275.923	2271.502	2260.643	2291.57	2239.516	2283.265	666.779	729.244	
Six_mouse_models12750.py	2185.681	545.449	2316.315	2204.767	2317.309	942.513	2234.527	2241.403	2357.014	2292.123	936.412	2283.162	2310.263	504.5	966.902	958.956	920.671	0.0	929.079	953.197	2266.795	966.846	840.024	960.898	2267.988	2232.74	949.489	2264.987	831.321	939.438	2263.654	704.308	2267.231	2225.02	964.356	2319.494	543.319	924.532	946.614	2358.725	2205.167	842.243	837.199	831.024	2230.193	973.914	2324.089	2317.231	2283.904	2264.815	983.553	2306.87	2213.885	907.648	2201.178	2344.173	578.029	2205.729	896.181	2349.679	950.521	674.219	2308.838	2253.961	859.198	2155.86	2258.854	2304.417	961.641	2272.222	2216.934	952.879	2291.735	977.153	2339.44	2283.745	842.229	1015.234	807.895	955.769	1027.405	1002.335	2250.736	1010.392	827.692	2229.235	2251.684	947.653	1014.932	2264.513	1013.882	882.126	2336.189	926.859	2245.654	2183.24	555.233	1026.548	953.214	941.053	935.473	2315.666	2333.392	944.174	760.581	2215.278	915.81	2233.175	2316.351	1046.329	1014.557	2225.137	992.15	932.568	2353.741	2246.178	2314.546	997.482	2375.056	2196.678	963.915	900.354	2198.424	470.364	943.98	2335.032	2217.744	965.067	949.053	2177.994	2333.348	2360.686	2263.621	2236.431	2240.067	933.825	2298.471	604.351	859.699	2325.105	2282.489	2169.795	2259.889	894.318	916.611	2308.518	901.515	2242.553	2303.544	1015.504	912.946	2179.436	2236.588	2259.142	1001.29	977.649	2264.718	2288.932	2284.11	1025.105	2222.96	993.948	2260.714	1005.246	2294.028	2270.845	2285.374	2230.522	2243.525	2220.334	561.764	1016.766	569.065	2367.965	2214.858	592.716	992.037	998.402	1005.106	1021.278	2260.192	2293.494	897.628	2199.577	927.76	2225.974	2288.085	2252.448	2188.371	990.208	2210.915	917.489	2291.888	2288.234	2301.088	2263.487	2270.613	2281.776	847.87	1051.817	
Six_mouse_models8255.py	2276.853	808.261	2222.743	2275.795	2243.939	364.767	2310.416	2237.862	2242.876	2202.954	234.449	2209.706	2193.913	829.223	378.689	314.355	486.019	929.079	0.0	359.257	2216.621	316.862	463.726	300.586	2206.371	2244.065	188.456	2201.553	482.354	303.469	2189.711	842.505	2182.314	2280.867	260.4	2236.939	773.676	235.204	278.102	2226.359	2262.214	458.632	538.658	480.422	2231.373	309.607	2224.77	2204.846	2223.658	2187.064	397.49	2242.41	2223.044	467.737	2203.132	2256.227	932.415	2258.55	481.927	2253.29	216.412	828.815	2219.006	2193.838	457.728	2223.099	2197.697	2221.96	360.788	2211.797	2227.374	348.875	2218.632	396.176	2260.282	2201.872	498.417	481.921	458.511	332.639	480.018	450.945	2174.746	431.081	524.113	2175.241	2195.657	617.828	483.863	2208.438	499.998	424.191	2240.45	297.514	2322.58	2192.243	801.273	452.858	173.456	403.899	300.973	2247.245	2222.068	218.894	863.924	2236.964	289.114	2163.874	2247.572	484.028	396.777	2301.308	294.098	270.349	2253.826	2292.2	2247.868	352.378	2262.664	2207.626	336.825	616.029	2212.253	1002.207	373.073	2242.765	2169.986	327.42	226.414	2249.147	2240.244	2211.455	2194.058	2260.889	2171.758	351.238	2213.277	946.043	546.545	2253.444	2213.862	2175.415	2185.865	402.723	553.275	2254.952	647.412	2248.653	2238.458	426.238	339.745	2231.672	2231.307	2208.651	375.666	373.14	2209.594	2240.485	2273.257	490.643	2171.587	270.857	2207.801	473.651	2248.577	2187.351	2272.156	2171.732	2301.814	2172.106	837.492	481.826	984.559	2263.879	2215.562	929.477	470.441	454.365	348.655	471.503	2276.908	2237.766	627.973	2210.221	235.862	2252.962	2222.455	2203.424	2179.928	313.09	2283.233	251.973	2243.649	2242.576	2245.619	2271.645	2190.419	2234.783	552.405	488.214	
Six_mouse_models49893.py	2351.301	801.078	2226.439	2349.588	2244.683	337.394	2380.137	2268.251	2233.708	2232.038	351.847	2234.477	2225.98	884.621	411.059	299.535	418.612	953.197	359.257	0.0	2232.306	347.871	570.843	315.423	2239.154	2274.362	397.638	2241.027	544.658	372.709	2230.848	958.809	2220.834	2361.077	467.995	2245.375	796.917	426.644	399.846	2216.084	2346.456	594.086	544.308	593.019	2260.342	407.619	2232.653	2225.224	2249.037	2231.931	363.59	2249.158	2259.555	352.253	2253.403	2257.468	1048.749	2329.178	577.73	2239.386	387.985	942.031	2244.443	2232.247	525.528	2300.986	2236.35	2250.062	447.361	2247.922	2255.108	359.665	2227.901	278.862	2275.631	2220.406	576.403	424.132	498.49	456.068	391.889	391.324	2218.479	429.735	592.436	2221.058	2222.548	619.191	465.637	2240.106	389.809	469.585	2228.045	335.473	2386.142	2242.048	863.746	392.591	422.029	269.306	420.339	2273.506	2235.61	447.991	966.569	2280.657	448.07	2191.163	2243.988	413.344	447.433	2367.14	489.144	493.065	2227.854	2371.722	2263.92	445.896	2252.965	2278.58	337.518	599.918	2245.939	984.447	404.363	2239.134	2212.174	464.477	325.973	2321.472	2238.248	2237.561	2223.992	2311.966	2212.717	416.261	2224.498	1036.507	576.657	2248.563	2241.184	2223.362	2226.166	472.955	578.675	2240.138	641.524	2319.829	2245.875	462.372	479.99	2316.312	2278.552	2241.464	406.032	545.748	2256.774	2261.008	2305.544	470.645	2209.936	450.313	2253.471	502.497	2265.036	2213.769	2284.925	2196.411	2373.709	2215.852	931.834	400.441	1007.495	2258.814	2267.543	1046.293	383.767	351.461	500.514	468.805	2301.445	2250.281	669.646	2254.536	451.012	2314.452	2239.713	2241.029	2256.463	539.381	2349.886	394.029	2255.358	2264.0	2244.832	2309.942	2233.865	2251.468	676.611	532.702	
