	Six_mouse_models36748.py	Six_mouse_models23566.py	Six_mouse_models20174.py	Six_mouse_models25136.py	Six_mouse_models12750.py	Six_mouse_models26653.py	Six_mouse_models33993.py	Six_mouse_models4828.py	Six_mouse_models20817.py	Six_mouse_models48847.py	Six_mouse_models21704.py	Six_mouse_models16824.py	Six_mouse_models33861.py	Six_mouse_models43061.py	Six_mouse_models4407.py	Six_mouse_models24658.py	Six_mouse_models26804.py	Six_mouse_models17088.py	Six_mouse_models14155.py	Six_mouse_models2564.py	Six_mouse_models17178.py	Six_mouse_models1439.py	Six_mouse_models43407.py	Six_mouse_models48513.py	Six_mouse_models655.py	Six_mouse_models49081.py	Six_mouse_models32878.py	Six_mouse_models30124.py	Six_mouse_models46556.py	Six_mouse_models25663.py	Six_mouse_models39041.py	Six_mouse_models23784.py	Six_mouse_models4128.py	Six_mouse_models49200.py	Six_mouse_models5551.py	Six_mouse_models3269.py	Six_mouse_models15504.py	Six_mouse_models8585.py	Six_mouse_models19283.py	Six_mouse_models45856.py	Six_mouse_models22040.py	Six_mouse_models677.py	Six_mouse_models39562.py	Six_mouse_models11017.py	Six_mouse_models28548.py	Six_mouse_models2070.py	Six_mouse_models24474.py	Six_mouse_models21597.py	Six_mouse_models30079.py	Six_mouse_models41645.py	Six_mouse_models30179.py	Six_mouse_models9042.py	Six_mouse_models3660.py	Six_mouse_models17756.py	Six_mouse_models25517.py	Six_mouse_models36432.py	Six_mouse_models24703.py	Six_mouse_models20897.py	Six_mouse_models49893.py	Six_mouse_models28226.py	Six_mouse_models18989.py	Six_mouse_models46973.py	Six_mouse_models1007.py	Six_mouse_models20327.py	Six_mouse_models14974.py	Six_mouse_models23837.py	Six_mouse_models28097.py	Six_mouse_models29317.py	Six_mouse_models10170.py	Six_mouse_models43352.py	Six_mouse_models10486.py	Six_mouse_models31826.py	Six_mouse_models44200.py	Six_mouse_models41648.py	Six_mouse_models32.py	Six_mouse_models8255.py	Six_mouse_models19402.py	Six_mouse_models40438.py	Six_mouse_models4575.py	Six_mouse_models28537.py	Six_mouse_models7247.py	Six_mouse_models14262.py	Six_mouse_models24968.py	Six_mouse_models18368.py	Six_mouse_models8863.py	Six_mouse_models44251.py	Six_mouse_models24016.py	Six_mouse_models27791.py	Six_mouse_models12693.py	Six_mouse_models12049.py	Six_mouse_models4952.py	Six_mouse_models48880.py	Six_mouse_models47608.py	Six_mouse_models46675.py	
Six_mouse_models36748.py	0.0	2286.181	935.214	242.066	904.996	2340.014	364.221	815.829	967.307	914.769	2281.595	911.896	966.271	2284.831	2309.766	2323.961	2373.969	2185.681	2276.853	2351.301	872.439	2334.971	2235.626	2326.412	911.344	783.392	2280.539	902.655	2231.649	2285.359	921.903	2258.813	931.933	470.151	2284.008	961.473	2271.868	2265.484	2256.97	1023.44	420.075	2209.555	2263.661	2207.731	796.967	2284.834	934.039	900.186	909.105	930.554	2279.869	911.396	789.951	2370.125	803.965	1010.163	2210.486	426.208	2245.919	1009.9	2270.285	2252.051	945.599	905.177	2236.981	422.182	906.367	908.85	2306.045	887.349	797.051	2272.501	940.434	2365.213	1009.369	906.221	2224.769	2308.82	2273.728	2274.26	2378.663	2341.766	976.217	2331.502	2206.496	903.146	938.265	2312.728	2339.541	881.288	2370.251	2283.268	993.4	2309.139	
Six_mouse_models23566.py	2286.181	0.0	2346.246	2299.972	2360.687	800.121	2290.086	2339.975	2380.789	2328.859	816.881	2329.949	2342.537	443.592	824.1	778.201	794.647	545.449	808.261	801.078	2331.076	810.683	871.829	763.367	2304.814	2332.946	791.482	2305.641	868.492	831.006	2301.359	600.552	2306.21	2299.954	801.245	2360.172	294.649	770.82	805.772	2371.468	2291.924	861.558	870.375	895.062	2311.645	867.404	2352.828	2358.814	2321.907	2302.604	818.07	2349.721	2314.031	789.268	2289.676	2378.934	688.679	2248.037	933.097	2384.237	824.087	593.2	2354.782	2295.639	881.324	2246.419	2291.161	2340.026	882.211	2309.625	2313.225	807.727	2337.098	803.443	2380.047	2328.692	919.079	876.435	851.301	859.087	902.58	881.453	2295.612	842.397	920.755	2268.983	2284.489	912.119	840.539	2313.14	877.292	859.067	2361.126	739.44	
Six_mouse_models20174.py	935.214	2346.246	0.0	931.874	241.684	2212.188	903.159	461.048	205.731	372.675	2222.87	312.641	308.853	2395.801	2207.6	2222.141	2226.91	2316.315	2222.743	2226.439	352.965	2230.855	2251.813	2238.317	377.569	510.827	2227.302	354.239	2260.905	2196.969	412.953	2345.004	353.784	982.392	2237.435	251.527	2332.362	2234.888	2200.182	274.829	1014.515	2244.51	2258.041	2244.216	530.427	2216.132	236.122	358.03	350.79	414.395	2212.418	274.444	528.737	2221.14	585.438	390.85	2314.761	864.63	2251.491	375.833	2225.872	2340.218	269.087	452.676	2256.487	952.286	419.977	315.504	2235.36	375.553	504.542	2194.899	357.735	2228.846	431.896	367.476	2242.818	2231.571	2295.11	2244.11	2247.758	2241.067	532.758	2244.54	2245.019	460.514	408.32	2285.181	2248.607	347.671	2232.911	2231.195	260.483	2243.162	
Six_mouse_models25136.py	242.066	2299.972	931.874	0.0	887.923	2345.672	430.91	791.22	959.682	932.131	2285.058	883.866	949.365	2298.391	2325.426	2329.338	2384.95	2204.767	2275.795	2349.588	872.438	2344.394	2242.474	2330.547	927.53	800.122	2284.097	914.858	2228.224	2294.344	920.56	2260.035	950.536	529.363	2297.378	947.065	2293.426	2272.121	2266.034	1005.089	466.007	2218.239	2271.214	2205.707	818.281	2279.803	926.449	884.66	930.472	920.426	2295.635	896.65	790.651	2382.689	825.61	989.365	2225.286	501.043	2245.822	1001.769	2269.398	2266.909	921.947	905.734	2236.492	441.589	918.769	902.387	2303.303	886.033	812.472	2283.726	917.189	2365.278	1011.365	931.16	2222.358	2314.523	2267.909	2278.925	2380.852	2346.339	992.0	2340.304	2210.44	915.526	955.429	2323.136	2349.776	876.793	2374.231	2285.283	962.552	2314.299	
Six_mouse_models12750.py	904.996	2360.687	241.684	887.923	0.0	2228.379	849.45	339.387	312.549	387.626	2247.6	317.469	322.805	2403.856	2226.813	2235.002	2233.361	2317.309	2243.939	2244.683	281.641	2249.543	2258.849	2253.613	401.771	489.796	2248.066	373.041	2255.074	2221.066	424.233	2352.586	436.776	942.297	2263.157	216.163	2357.284	2254.333	2225.566	371.715	951.81	2249.438	2260.12	2236.757	485.917	2230.72	339.081	370.179	459.32	437.006	2230.021	326.509	512.531	2242.776	558.809	405.821	2313.117	841.921	2248.0	426.115	2248.463	2354.213	344.494	463.798	2256.811	916.037	460.138	332.619	2244.477	441.042	471.034	2214.978	417.686	2241.316	475.997	423.466	2229.612	2254.389	2291.4	2263.547	2269.702	2262.633	536.067	2267.178	2235.603	498.813	419.58	2288.27	2266.639	394.181	2250.899	2237.34	273.289	2263.203	
Six_mouse_models26653.py	2340.014	800.121	2212.188	2345.672	2228.379	0.0	2362.092	2247.689	2234.924	2203.223	294.44	2212.249	2214.74	907.131	229.628	341.97	315.066	942.513	364.767	337.394	2203.323	404.022	518.231	396.425	2210.293	2252.269	371.709	2213.203	541.706	259.465	2210.01	936.656	2195.843	2356.82	385.761	2233.494	809.366	348.143	278.558	2217.68	2348.25	549.695	486.547	632.299	2240.953	443.685	2216.388	2205.595	2239.675	2212.581	377.34	2225.323	2243.508	314.456	2236.344	2256.888	1054.245	2317.678	611.522	2245.207	413.572	950.04	2227.837	2210.265	551.815	2305.278	2204.185	2219.548	487.15	2228.631	2244.148	233.233	2209.341	362.254	2277.409	2199.345	615.313	473.444	553.652	445.93	533.833	489.169	2202.712	448.406	641.602	2196.693	2206.227	652.062	459.995	2222.25	478.888	429.585	2212.975	410.329	
Six_mouse_models33993.py	364.221	2290.086	903.159	430.91	849.45	2362.092	0.0	827.19	935.419	881.042	2329.483	885.019	901.634	2291.143	2338.525	2348.98	2360.65	2234.527	2310.416	2380.137	844.499	2354.488	2299.479	2352.562	889.375	865.756	2314.374	854.443	2302.33	2321.397	886.688	2304.379	902.234	442.275	2320.646	887.052	2276.832	2312.226	2307.997	972.915	406.641	2272.981	2324.707	2258.657	874.224	2321.059	927.094	880.723	897.975	890.002	2324.622	887.209	866.658	2375.378	863.946	962.22	2246.787	292.596	2292.877	980.646	2316.666	2275.681	895.044	895.441	2300.517	492.93	890.737	868.185	2334.797	879.447	865.497	2315.27	942.721	2390.715	956.85	895.966	2274.437	2358.812	2334.368	2324.378	2402.713	2377.148	924.207	2371.937	2257.223	885.986	908.875	2359.422	2379.634	847.591	2395.506	2329.49	934.786	2345.769	
Six_mouse_models4828.py	815.829	2339.975	461.048	791.22	339.387	2247.689	827.19	0.0	509.375	489.46	2247.325	411.707	468.284	2347.142	2242.647	2266.458	2256.697	2241.403	2237.862	2268.251	361.728	2280.961	2204.184	2280.459	482.822	319.53	2242.946	449.35	2192.032	2222.884	474.289	2272.811	515.431	863.259	2265.961	430.996	2333.251	2246.892	2224.901	555.162	847.174	2191.028	2226.051	2174.982	322.968	2216.066	499.737	473.83	547.88	478.232	2240.748	435.592	339.689	2255.333	360.437	542.809	2229.238	835.852	2187.983	576.55	2236.326	2284.202	448.827	501.521	2193.852	801.19	509.664	444.548	2221.612	501.22	311.065	2221.913	512.643	2285.254	590.841	513.003	2169.573	2259.246	2234.06	2235.916	2304.028	2279.823	564.858	2292.382	2175.242	528.751	515.872	2269.218	2302.367	469.152	2294.11	2207.069	486.412	2284.961	
Six_mouse_models20817.py	967.307	2380.789	205.731	959.682	312.549	2234.924	935.419	509.375	0.0	403.411	2244.086	358.871	340.013	2408.805	2240.071	2233.033	2236.582	2357.014	2242.876	2233.708	435.293	2237.217	2281.204	2250.357	410.819	513.116	2257.37	401.797	2292.045	2224.178	433.65	2382.105	395.964	997.7	2266.515	299.978	2358.943	2267.191	2230.819	236.388	1053.508	2277.629	2278.776	2276.285	519.525	2243.413	260.08	382.973	312.879	421.763	2244.956	302.524	542.425	2241.26	597.673	390.773	2354.382	899.41	2281.904	343.768	2248.223	2372.591	311.424	482.2	2283.165	987.443	455.506	367.226	2260.308	393.215	497.19	2228.817	364.792	2226.236	406.152	383.627	2273.773	2257.384	2303.217	2269.63	2242.551	2248.839	540.415	2260.872	2272.859	505.905	423.178	2298.372	2265.395	397.992	2230.76	2256.187	313.655	2254.122	
Six_mouse_models48847.py	914.769	2328.859	372.675	932.131	387.626	2203.223	881.042	489.46	403.411	0.0	2199.462	269.758	289.731	2376.925	2183.517	2234.931	2233.312	2292.123	2202.954	2232.038	270.113	2241.617	2224.949	2246.503	145.391	512.477	2197.375	243.583	2228.555	2168.655	227.405	2307.581	233.208	870.804	2213.011	392.146	2308.043	2207.018	2174.933	545.124	913.436	2211.57	2247.207	2211.556	492.978	2181.074	304.212	313.116	374.138	288.257	2191.651	345.853	507.448	2205.727	507.694	510.47	2275.705	819.049	2218.146	528.735	2198.827	2300.694	396.355	273.873	2224.032	886.254	252.799	249.276	2204.949	340.408	503.009	2166.167	339.946	2254.109	476.667	238.159	2206.382	2212.858	2276.96	2209.58	2270.988	2249.202	277.266	2246.019	2208.951	280.896	256.684	2291.908	2265.345	342.235	2265.125	2204.814	531.763	2250.156	
Six_mouse_models21704.py	2281.595	816.881	2222.87	2285.058	2247.6	294.44	2329.483	2247.325	2244.086	2199.462	0.0	2214.951	2208.042	879.808	293.222	361.93	483.172	936.412	234.449	351.847	2213.523	390.111	445.229	377.894	2202.824	2235.266	264.065	2209.64	452.098	224.36	2196.478	859.471	2184.862	2289.952	295.019	2250.127	766.144	237.65	195.262	2236.2	2281.146	472.737	500.315	519.22	2221.309	315.365	2217.32	2200.865	2223.603	2198.705	352.977	2241.232	2219.89	415.995	2209.761	2269.555	962.495	2275.036	511.297	2257.246	206.84	854.412	2232.844	2194.023	449.593	2235.043	2195.613	2225.588	393.922	2214.982	2221.577	260.666	2211.518	388.426	2270.497	2191.677	512.37	414.418	497.295	291.961	502.926	472.203	2182.606	427.691	515.295	2180.143	2194.327	650.605	456.63	2220.694	490.906	374.879	2244.019	356.091	
Six_mouse_models16824.py	911.896	2329.949	312.641	883.866	317.469	2212.249	885.019	411.707	358.871	269.758	2214.951	0.0	280.526	2376.266	2211.018	2237.416	2243.883	2283.162	2209.706	2234.477	244.413	2253.297	2246.225	2249.875	247.804	500.111	2211.697	222.071	2237.074	2192.489	226.924	2298.908	318.774	917.616	2238.259	305.221	2314.129	2220.955	2198.343	455.797	941.919	2235.631	2264.278	2222.724	526.934	2190.292	278.184	302.435	356.756	245.428	2224.082	219.671	480.303	2219.965	545.492	431.788	2275.949	831.239	2236.239	474.677	2209.981	2300.717	261.988	248.332	2241.172	879.143	289.936	200.859	2218.591	245.616	495.835	2191.284	271.468	2249.338	473.936	327.608	2218.975	2234.384	2277.036	2233.528	2274.175	2263.133	394.359	2264.084	2223.428	304.141	333.062	2312.181	2273.123	220.467	2263.874	2218.13	396.983	2253.805	
Six_mouse_models33861.py	966.271	2342.537	308.853	949.365	322.805	2214.74	901.634	468.284	340.013	289.731	2208.042	280.526	0.0	2377.201	2197.917	2223.249	2232.285	2310.263	2193.913	2225.98	376.308	2229.102	2232.877	2233.825	326.968	575.058	2196.502	287.124	2235.101	2178.276	275.515	2311.602	275.135	921.121	2217.242	259.397	2323.567	2214.985	2187.343	407.582	952.882	2218.488	2261.767	2206.246	563.209	2174.855	327.304	343.694	398.577	281.018	2197.914	385.885	551.083	2215.516	548.126	413.15	2279.046	850.297	2210.692	475.961	2196.412	2301.835	282.832	373.77	2223.533	906.348	380.583	291.425	2191.667	376.29	532.892	2181.374	410.994	2251.966	409.027	370.335	2201.056	2217.826	2271.489	2213.063	2253.799	2238.148	340.926	2242.322	2208.61	372.587	338.147	2282.398	2263.911	345.606	2259.502	2207.258	418.432	2245.73	
Six_mouse_models43061.py	2284.831	443.592	2395.801	2298.391	2403.856	907.131	2291.143	2347.142	2408.805	2376.925	879.808	2376.266	2377.201	0.0	910.607	863.759	843.173	504.5	829.223	884.621	2376.708	846.273	816.34	839.603	2358.086	2349.856	840.219	2349.683	832.998	892.882	2344.014	580.286	2344.396	2291.752	846.889	2399.01	400.99	846.809	902.984	2377.988	2279.896	802.292	849.827	793.09	2330.176	894.908	2412.823	2398.009	2369.745	2339.692	904.624	2395.354	2326.852	860.622	2284.586	2416.69	512.105	2254.854	819.598	2417.443	873.833	515.205	2379.674	2350.24	801.609	2234.76	2348.849	2392.355	849.157	2361.234	2328.096	916.286	2391.68	909.453	2419.905	2382.023	822.847	978.02	782.835	854.726	935.84	918.877	2322.408	932.285	823.912	2316.22	2338.794	875.572	951.124	2351.038	949.724	852.465	2402.266	821.113	
Six_mouse_models4407.py	2309.766	824.1	2207.6	2325.426	2226.813	229.628	2338.525	2242.647	2240.071	2183.517	293.222	2211.018	2197.917	910.607	0.0	375.139	350.688	966.902	378.689	411.059	2197.723	403.861	499.572	415.955	2189.662	2239.226	343.045	2198.702	554.723	220.509	2194.628	937.599	2174.03	2317.764	311.691	2227.774	806.277	317.678	246.847	2224.757	2310.665	503.538	513.418	616.921	2216.85	429.482	2209.342	2199.511	2228.195	2199.829	287.249	2229.735	2229.208	353.122	2208.632	2259.166	1020.251	2291.722	573.019	2253.178	401.562	928.967	2225.033	2197.851	535.118	2278.021	2187.726	2210.383	443.941	2221.009	2228.399	179.199	2210.61	461.067	2265.98	2185.261	591.565	467.587	597.093	384.02	563.37	519.235	2177.645	451.552	614.105	2178.159	2184.735	644.658	486.318	2215.706	551.369	417.626	2218.144	458.493	
Six_mouse_models24658.py	2323.961	778.201	2222.141	2329.338	2235.002	341.97	2348.98	2266.458	2233.033	2234.931	361.93	2237.416	2223.249	863.759	375.139	0.0	382.399	958.956	314.355	299.535	2237.578	194.684	535.077	119.614	2243.531	2284.775	357.945	2236.85	576.29	405.062	2234.086	960.902	2224.189	2337.499	330.162	2231.322	799.424	351.784	362.551	2201.809	2319.239	538.784	492.963	584.091	2267.915	513.893	2240.237	2237.508	2256.038	2234.949	336.668	2246.376	2271.118	498.449	2249.697	2247.27	1053.77	2306.441	608.447	2238.912	405.719	956.455	2234.929	2241.791	548.993	2287.156	2238.572	2244.651	519.862	2250.146	2266.271	355.792	2244.655	241.083	2275.31	2237.035	616.135	488.179	506.258	483.284	435.158	397.36	2226.604	365.319	625.875	2223.116	2227.606	532.1	367.922	2237.639	392.409	547.486	2211.813	203.307	
Six_mouse_models26804.py	2373.969	794.647	2226.91	2384.95	2233.361	315.066	2360.65	2256.697	2236.582	2233.312	483.172	2243.883	2232.285	843.173	350.688	382.399	0.0	920.671	486.019	418.612	2232.174	368.068	523.346	437.363	2247.23	2276.531	512.198	2242.0	613.814	396.728	2244.308	982.878	2223.891	2379.66	461.907	2233.992	808.729	510.814	450.651	2202.701	2371.892	553.759	478.983	658.83	2260.44	597.35	2247.212	2242.434	2266.019	2244.252	419.961	2245.328	2267.139	368.904	2240.59	2249.974	1043.657	2326.691	603.426	2239.666	563.229	965.706	2239.227	2256.975	567.056	2336.034	2248.521	2249.41	520.594	2265.44	2261.871	392.531	2243.58	439.674	2277.326	2236.512	627.229	587.339	557.307	523.355	537.707	477.246	2227.856	504.154	670.617	2235.444	2240.406	565.588	537.959	2243.979	510.316	485.949	2212.725	485.355	
Six_mouse_models17088.py	2185.681	545.449	2316.315	2204.767	2317.309	942.513	2234.527	2241.403	2357.014	2292.123	936.412	2283.162	2310.263	504.5	966.902	958.956	920.671	0.0	929.079	953.197	2266.795	966.846	840.024	960.898	2267.988	2232.74	949.489	2264.987	831.321	939.438	2263.654	704.308	2267.231	2225.02	964.356	2319.494	543.319	924.532	946.614	2358.725	2205.167	842.243	837.199	831.024	2230.193	973.914	2324.089	2317.231	2283.904	2264.815	983.553	2306.87	2213.885	907.648	2201.178	2344.173	578.029	2205.729	896.181	2349.679	950.521	674.219	2308.838	2253.961	859.198	2155.86	2258.854	2304.417	961.641	2272.222	2216.934	952.879	2291.735	977.153	2339.44	2283.745	842.229	1015.234	807.895	955.769	1027.405	1002.335	2250.736	1010.392	827.692	2229.235	2251.684	947.653	1014.932	2264.513	1013.882	882.126	2336.189	926.859	
Six_mouse_models14155.py	2276.853	808.261	2222.743	2275.795	2243.939	364.767	2310.416	2237.862	2242.876	2202.954	234.449	2209.706	2193.913	829.223	378.689	314.355	486.019	929.079	0.0	359.257	2216.621	316.862	463.726	300.586	2206.371	2244.065	188.456	2201.553	482.354	303.469	2189.711	842.505	2182.314	2280.867	260.4	2236.939	773.676	235.204	278.102	2226.359	2262.214	458.632	538.658	480.422	2231.373	309.607	2224.77	2204.846	2223.658	2187.064	397.49	2242.41	2223.044	467.737	2203.132	2256.227	932.415	2258.55	481.927	2253.29	216.412	828.815	2219.006	2193.838	457.728	2223.099	2197.697	2221.96	360.788	2211.797	2227.374	348.875	2218.632	396.176	2260.282	2201.872	498.417	481.921	458.511	332.639	480.018	450.945	2174.746	431.081	524.113	2175.241	2195.657	617.828	483.863	2208.438	499.998	424.191	2240.45	297.514	
Six_mouse_models2564.py	2351.301	801.078	2226.439	2349.588	2244.683	337.394	2380.137	2268.251	2233.708	2232.038	351.847	2234.477	2225.98	884.621	411.059	299.535	418.612	953.197	359.257	0.0	2232.306	347.871	570.843	315.423	2239.154	2274.362	397.638	2241.027	544.658	372.709	2230.848	958.809	2220.834	2361.077	467.995	2245.375	796.917	426.644	399.846	2216.084	2346.456	594.086	544.308	593.019	2260.342	407.619	2232.653	2225.224	2249.037	2231.931	363.59	2249.158	2259.555	352.253	2253.403	2257.468	1048.749	2329.178	577.73	2239.386	387.985	942.031	2244.443	2232.247	525.528	2300.986	2236.35	2250.062	447.361	2247.922	2255.108	359.665	2227.901	278.862	2275.631	2220.406	576.403	424.132	498.49	456.068	391.889	391.324	2218.479	429.735	592.436	2221.058	2222.548	619.191	465.637	2240.106	389.809	469.585	2228.045	335.473	
Six_mouse_models17178.py	872.439	2331.076	352.965	872.438	281.641	2203.323	844.499	361.728	435.293	270.113	2213.523	244.413	376.308	2376.708	2197.723	2237.578	2232.174	2266.795	2216.621	2232.306	0.0	2253.656	2226.169	2253.537	275.517	450.837	2215.774	314.728	2218.714	2184.6	339.292	2312.049	360.445	895.302	2237.878	374.057	2320.527	2219.626	2192.312	542.706	910.175	2216.314	2237.411	2208.873	467.048	2195.425	326.49	294.371	455.334	385.088	2209.732	323.477	438.622	2210.823	519.9	507.8	2275.416	800.567	2220.598	524.711	2217.01	2313.44	398.781	326.439	2226.062	858.708	347.141	284.481	2215.829	375.874	458.783	2179.411	339.126	2247.41	542.495	304.07	2199.34	2229.392	2264.348	2228.818	2275.809	2259.185	443.129	2262.526	2202.949	366.51	383.493	2293.237	2269.395	330.79	2260.064	2201.879	461.021	2256.851	
Six_mouse_models1439.py	2334.971	810.683	2230.855	2344.394	2249.543	404.022	2354.488	2280.961	2237.217	2241.617	390.111	2253.297	2229.102	846.273	403.861	194.684	368.068	966.846	316.862	347.871	2253.656	0.0	509.277	201.597	2254.872	2290.422	369.074	2247.173	603.074	394.774	2244.744	976.677	2222.263	2337.9	299.292	2240.767	794.025	403.989	387.109	2201.825	2324.325	513.367	510.045	571.804	2273.825	529.444	2251.378	2252.9	2256.634	2240.341	341.647	2259.476	2275.923	503.211	2244.933	2255.496	1026.664	2306.541	565.909	2244.048	415.374	934.342	2243.026	2258.022	529.907	2292.405	2252.505	2262.766	491.707	2264.442	2269.489	395.021	2250.393	339.704	2272.032	2241.886	601.785	514.53	509.324	454.321	406.755	372.124	2222.73	371.379	601.417	2231.485	2237.24	509.953	419.753	2247.236	417.075	545.016	2225.905	256.985	
Six_mouse_models43407.py	2235.626	871.829	2251.813	2242.474	2258.849	518.231	2299.479	2204.184	2281.204	2224.949	445.229	2246.225	2232.877	816.34	499.572	535.077	523.346	840.024	463.726	570.843	2226.169	509.277	0.0	541.599	2223.565	2183.043	472.21	2235.039	243.628	443.343	2220.947	841.494	2202.375	2241.786	450.446	2274.96	829.729	454.528	436.521	2275.692	2228.854	152.036	297.099	275.654	2165.275	528.13	2249.262	2230.958	2243.866	2218.226	488.222	2272.562	2166.023	583.428	2146.989	2296.02	843.796	2263.473	283.234	2291.205	455.916	837.047	2262.469	2221.137	193.57	2192.136	2218.659	2259.306	474.986	2244.106	2168.25	487.853	2240.315	585.794	2281.887	2217.815	287.6	592.185	319.479	364.69	634.449	562.289	2195.616	576.624	281.251	2197.147	2210.188	478.088	597.36	2244.532	627.762	386.657	2283.992	527.364	
Six_mouse_models48513.py	2326.412	763.367	2238.317	2330.547	2253.613	396.425	2352.562	2280.459	2250.357	2246.503	377.894	2249.875	2233.825	839.603	415.955	119.614	437.363	960.898	300.586	315.423	2253.537	201.597	541.599	0.0	2251.625	2295.232	313.522	2245.685	575.53	428.817	2239.29	936.668	2231.889	2332.526	312.41	2248.103	771.792	331.845	386.489	2218.579	2314.317	536.39	528.729	563.675	2275.347	493.722	2254.954	2252.099	2264.242	2238.674	352.416	2262.832	2277.75	515.73	2253.422	2263.894	1025.936	2306.823	593.434	2257.149	383.289	922.501	2249.207	2246.596	540.227	2283.862	2243.51	2258.134	507.536	2257.346	2275.425	388.638	2257.761	272.08	2287.566	2251.042	611.77	493.04	500.488	463.676	435.208	413.413	2229.649	375.066	614.002	2225.618	2233.286	542.675	377.931	2245.7	417.57	568.322	2231.537	163.655	
Six_mouse_models655.py	911.344	2304.814	377.569	927.53	401.771	2210.293	889.375	482.822	410.819	145.391	2202.824	247.804	326.968	2358.086	2189.662	2243.531	2247.23	2267.988	2206.371	2239.154	275.517	2254.872	2223.565	2251.625	0.0	490.773	2194.985	187.209	2220.016	2176.186	171.527	2276.767	243.807	874.225	2215.136	403.444	2289.213	2203.149	2176.38	556.741	917.743	2206.535	2248.173	2204.298	483.433	2181.862	288.802	340.308	323.441	241.39	2197.314	302.447	478.857	2212.759	502.632	514.563	2253.766	828.545	2220.335	538.899	2197.511	2278.597	396.009	195.982	2219.927	882.205	162.606	209.39	2213.281	253.53	486.812	2169.663	336.279	2261.906	488.021	257.947	2202.996	2215.316	2270.757	2212.749	2284.478	2260.938	298.076	2249.873	2203.632	207.793	225.502	2294.542	2271.338	287.123	2279.233	2211.319	527.395	2252.932	
Six_mouse_models49081.py	783.392	2332.946	510.827	800.122	489.796	2252.269	865.756	319.53	513.116	512.477	2235.266	500.111	575.058	2349.856	2239.226	2284.775	2276.531	2232.74	2244.065	2274.362	450.837	2290.422	2183.043	2295.232	490.773	0.0	2244.175	510.195	2185.099	2212.419	521.165	2271.429	498.085	847.545	2254.802	570.746	2316.66	2240.913	2207.402	606.104	882.46	2172.329	2207.677	2178.592	174.284	2226.818	484.467	490.245	469.747	518.245	2230.581	467.901	202.977	2254.902	305.426	625.426	2235.06	862.83	2192.854	595.853	2232.605	2281.997	533.571	518.837	2183.972	816.519	495.895	518.165	2241.392	494.643	166.972	2212.218	495.412	2294.752	614.55	468.606	2178.736	2250.321	2239.043	2224.431	2312.45	2279.485	592.965	2285.938	2172.524	531.265	529.881	2267.523	2303.031	515.369	2300.729	2210.242	612.005	2284.279	
Six_mouse_models32878.py	2280.539	791.482	2227.302	2284.097	2248.066	371.709	2314.374	2242.946	2257.37	2197.375	264.065	2211.697	2196.502	840.219	343.045	357.945	512.198	949.489	188.456	397.638	2215.774	369.074	472.21	313.522	2194.985	2244.175	0.0	2196.621	484.179	292.978	2184.072	831.516	2178.367	2278.313	217.275	2243.307	754.634	163.101	272.321	2245.075	2264.846	451.618	565.88	490.38	2222.635	280.159	2223.078	2210.49	2222.749	2182.549	352.305	2245.037	2223.401	446.696	2201.336	2268.064	923.838	2261.181	487.794	2270.915	218.764	812.15	2229.057	2186.823	459.565	2231.486	2185.29	2219.28	362.527	2208.496	2228.007	314.777	2220.509	444.473	2265.12	2202.535	516.517	462.645	501.217	289.528	523.193	503.97	2170.324	442.145	530.208	2166.025	2183.774	641.331	481.717	2207.63	552.129	441.643	2250.808	328.856	
Six_mouse_models30124.py	902.655	2305.641	354.239	914.858	373.041	2213.203	854.443	449.35	401.797	243.583	2209.64	222.071	287.124	2349.683	2198.702	2236.85	2242.0	2264.987	2201.553	2241.027	314.728	2247.173	2235.039	2245.685	187.209	510.195	2196.621	0.0	2233.365	2184.025	150.396	2282.174	264.123	872.574	2217.672	331.398	2287.883	2207.337	2185.629	500.278	900.865	2218.93	2261.256	2211.123	520.949	2184.226	341.808	392.336	302.269	171.026	2208.016	275.228	509.772	2218.066	511.696	472.071	2250.35	802.859	2225.011	521.22	2200.769	2274.145	318.684	226.688	2230.631	869.741	199.836	187.113	2212.13	227.81	499.653	2182.453	377.006	2260.143	458.756	335.224	2211.174	2226.736	2275.664	2220.283	2278.79	2260.085	313.3	2253.585	2212.239	234.111	252.542	2299.824	2270.762	229.43	2274.374	2215.842	460.591	2248.423	
Six_mouse_models46556.py	2231.649	868.492	2260.905	2228.224	2255.074	541.706	2302.33	2192.032	2292.045	2228.555	452.098	2237.074	2235.101	832.998	554.723	576.29	613.814	831.321	482.354	544.658	2218.714	603.074	243.628	575.53	2220.016	2185.099	484.179	2233.365	0.0	488.489	2215.85	806.367	2216.551	2246.501	542.186	2276.193	842.756	457.776	476.764	2298.456	2224.047	284.563	379.91	261.193	2164.719	464.556	2251.018	2225.619	2254.644	2218.114	534.666	2274.155	2167.089	582.245	2158.872	2296.145	837.723	2269.457	302.099	2298.762	442.748	832.629	2267.401	2209.787	207.217	2185.455	2215.84	2252.718	464.495	2238.119	2171.306	517.663	2242.66	586.921	2291.697	2223.481	247.903	579.868	283.878	388.21	659.988	610.555	2204.64	630.431	260.359	2197.927	2208.665	572.433	636.145	2243.69	651.345	361.354	2293.845	554.128	
Six_mouse_models25663.py	2285.359	831.006	2196.969	2294.344	2221.066	259.465	2321.397	2222.884	2224.178	2168.655	224.36	2192.489	2178.276	892.882	220.509	405.062	396.728	939.438	303.469	372.709	2184.6	394.774	443.343	428.817	2176.186	2212.419	292.978	2184.025	488.489	0.0	2173.946	886.856	2153.585	2290.881	305.436	2221.51	785.025	299.676	208.095	2219.377	2287.438	459.407	521.252	553.822	2194.242	315.803	2192.369	2179.953	2201.589	2175.02	286.669	2220.508	2198.988	316.419	2181.199	2247.405	957.131	2266.018	489.608	2237.749	297.777	857.708	2210.21	2177.257	459.063	2244.801	2173.072	2201.636	347.595	2199.313	2197.202	206.892	2183.986	466.005	2241.784	2162.892	516.974	420.721	542.691	272.043	517.672	470.025	2152.865	447.592	543.514	2157.69	2167.152	646.596	499.941	2197.27	530.87	326.102	2223.392	441.356	
Six_mouse_models39041.py	921.903	2301.359	412.953	920.56	424.233	2210.01	886.688	474.289	433.65	227.405	2196.478	226.924	275.515	2344.014	2194.628	2234.086	2244.308	2263.654	2189.711	2230.848	339.292	2244.744	2220.947	2239.29	171.527	521.165	2184.072	150.396	2215.85	2173.946	0.0	2265.616	256.47	855.412	2209.463	389.218	2279.133	2196.826	2176.613	554.318	898.018	2205.545	2251.466	2194.793	526.99	2168.266	347.881	369.092	329.556	127.7	2200.81	330.515	489.351	2211.142	504.11	493.785	2241.824	824.795	2210.569	553.751	2183.6	2262.164	361.431	158.13	2213.037	854.367	178.716	212.847	2198.811	222.867	499.268	2174.021	383.267	2256.014	471.902	341.458	2195.233	2212.078	2259.814	2204.312	2271.563	2251.093	250.966	2244.58	2196.316	175.612	244.748	2291.454	2267.762	257.328	2274.153	2205.975	529.459	2241.079	
Six_mouse_models23784.py	2258.813	600.552	2345.004	2260.035	2352.586	936.656	2304.379	2272.811	2382.105	2307.581	859.471	2298.908	2311.602	580.286	937.599	960.902	982.878	704.308	842.505	958.809	2312.049	976.677	841.494	936.668	2276.767	2271.429	831.516	2282.174	806.367	886.856	2265.616	0.0	2283.964	2254.856	872.008	2346.288	579.45	810.988	864.786	2394.045	2246.615	816.821	940.746	834.784	2248.758	835.445	2331.749	2335.798	2298.809	2265.241	953.99	2333.487	2245.252	927.367	2217.889	2360.489	518.811	2248.169	859.572	2381.45	822.016	298.203	2325.272	2261.407	827.744	2188.338	2268.109	2317.743	861.571	2274.72	2252.907	922.847	2315.882	979.415	2353.461	2314.181	853.101	972.323	858.273	824.169	1040.401	1011.449	2264.087	979.605	874.378	2239.37	2263.46	1012.762	1004.291	2287.711	1044.671	834.826	2379.762	893.629	
Six_mouse_models4128.py	931.933	2306.21	353.784	950.536	436.776	2195.843	902.234	515.431	395.964	233.208	2184.862	318.774	275.135	2344.396	2174.03	2224.189	2223.891	2267.231	2182.314	2220.834	360.445	2222.263	2202.375	2231.889	243.807	498.085	2178.367	264.123	2216.551	2153.585	256.47	2283.964	0.0	879.561	2190.207	407.281	2278.355	2193.355	2160.448	495.894	935.4	2188.628	2232.481	2191.362	517.512	2168.138	313.68	351.716	309.546	254.542	2178.735	376.362	473.542	2192.332	485.631	499.511	2246.713	827.408	2197.862	522.575	2180.221	2269.439	354.447	316.932	2203.864	883.507	281.87	322.761	2187.235	329.62	486.718	2156.315	355.456	2252.227	436.347	281.427	2190.804	2200.936	2259.619	2190.914	2252.085	2229.008	269.174	2226.989	2190.234	256.236	309.473	2268.468	2253.392	313.413	2256.893	2192.178	542.558	2233.665	
Six_mouse_models49200.py	470.151	2299.954	982.392	529.363	942.297	2356.82	442.275	863.259	997.7	870.804	2289.952	917.616	921.121	2291.752	2317.764	2337.499	2379.66	2225.02	2280.867	2361.077	895.302	2337.9	2241.786	2332.526	874.225	847.545	2278.313	872.574	2246.501	2290.881	855.412	2254.856	879.561	0.0	2282.187	970.894	2272.489	2279.391	2274.131	1072.215	242.125	2213.938	2279.603	2199.951	848.592	2285.37	968.301	911.96	892.786	862.685	2288.533	944.921	817.465	2373.464	793.932	1010.676	2201.527	450.613	2238.909	1041.104	2271.538	2237.706	948.944	863.374	2237.314	368.383	858.478	909.073	2299.192	884.171	823.115	2287.352	965.616	2385.352	962.322	900.784	2222.388	2311.766	2288.274	2272.004	2374.268	2340.893	837.96	2331.342	2201.497	829.559	867.219	2305.164	2351.801	886.415	2384.087	2299.109	1067.004	2322.461	
Six_mouse_models5551.py	2284.008	801.245	2237.435	2297.378	2263.157	385.761	2320.646	2265.961	2266.515	2213.011	295.019	2238.259	2217.242	846.889	311.691	330.162	461.907	964.356	260.4	467.995	2237.878	299.292	450.446	312.41	2215.136	2254.802	217.275	2217.672	542.186	305.436	2209.463	872.008	2190.207	2282.187	0.0	2257.86	760.389	221.401	254.395	2245.811	2274.68	423.522	526.508	533.772	2231.275	441.127	2239.014	2235.176	2236.06	2206.905	326.437	2260.038	2237.504	514.458	2205.545	2283.508	950.505	2268.688	527.856	2281.946	318.7	843.544	2246.33	2216.109	489.798	2245.253	2206.314	2240.356	448.837	2233.115	2238.454	305.481	2238.383	464.846	2277.973	2217.846	574.316	504.959	546.424	331.696	541.843	492.717	2188.615	410.369	573.61	2187.399	2203.325	588.842	447.42	2230.5	548.64	499.518	2255.908	324.092	
Six_mouse_models3269.py	961.473	2360.172	251.527	947.065	216.163	2233.494	887.052	430.996	299.978	392.146	2250.127	305.221	259.397	2399.01	2227.774	2231.322	2233.992	2319.494	2236.939	2245.375	374.057	2240.767	2274.96	2248.103	403.444	570.746	2243.307	331.398	2276.193	2221.51	389.218	2346.288	407.281	970.894	2257.86	0.0	2348.854	2256.808	2230.235	319.658	983.693	2262.901	2280.565	2247.534	570.492	2226.055	376.524	437.113	417.387	381.728	2231.59	316.377	576.608	2242.948	580.98	357.643	2299.613	866.901	2254.762	408.265	2245.22	2336.712	268.901	463.958	2270.684	949.721	464.543	330.525	2239.984	420.329	537.504	2219.523	432.712	2247.226	412.854	459.152	2242.013	2256.73	2305.316	2265.552	2264.323	2260.206	480.635	2264.608	2248.798	475.079	389.841	2295.384	2269.202	340.001	2254.355	2248.194	236.617	2262.833	
Six_mouse_models15504.py	2271.868	294.649	2332.362	2293.426	2357.284	809.366	2276.832	2333.251	2358.943	2308.043	766.144	2314.129	2323.567	400.99	806.277	799.424	808.729	543.319	773.676	796.917	2320.527	794.025	829.729	771.792	2289.213	2316.66	754.634	2287.883	842.756	785.025	2279.133	579.45	2278.355	2272.489	760.389	2348.854	0.0	752.561	790.275	2350.406	2279.889	824.878	858.469	841.715	2304.331	813.187	2337.771	2339.105	2292.325	2277.375	806.929	2331.835	2294.636	755.86	2271.061	2365.498	597.649	2228.769	867.068	2365.226	772.262	486.102	2331.191	2277.736	826.275	2230.295	2274.649	2327.578	823.293	2289.696	2295.268	798.428	2315.367	828.398	2354.49	2306.432	870.633	851.487	837.654	785.041	873.663	862.481	2261.111	834.465	850.625	2247.03	2267.625	911.986	846.361	2291.485	876.218	827.479	2354.49	743.353	
Six_mouse_models8585.py	2265.484	770.82	2234.888	2272.121	2254.333	348.143	2312.226	2246.892	2267.191	2207.018	237.65	2220.955	2214.985	846.809	317.678	351.784	510.814	924.532	235.204	426.644	2219.626	403.989	454.528	331.845	2203.149	2240.913	163.101	2207.337	457.776	299.676	2196.826	810.988	2193.355	2279.391	221.401	2256.808	752.561	0.0	221.991	2258.64	2264.556	432.071	530.322	513.654	2219.009	347.994	2228.201	2216.79	2233.118	2198.643	354.515	2250.173	2223.188	487.399	2205.158	2282.998	932.808	2262.078	522.493	2282.796	243.296	819.248	2244.021	2193.828	466.533	2228.537	2191.245	2224.839	424.157	2215.325	2227.804	280.709	2227.535	429.889	2283.573	2209.366	534.557	467.1	498.039	308.52	565.851	529.349	2190.929	441.698	545.504	2176.704	2195.376	643.413	450.857	2219.06	552.649	432.6	2255.44	322.191	
Six_mouse_models19283.py	2256.97	805.772	2200.182	2266.034	2225.566	278.558	2307.997	2224.901	2230.819	2174.933	195.262	2198.343	2187.343	902.984	246.847	362.551	450.651	946.614	278.102	399.846	2192.312	387.109	436.521	386.489	2176.38	2207.402	272.321	2185.629	476.764	208.095	2176.613	864.786	2160.448	2274.131	254.395	2230.235	790.275	221.991	0.0	2229.828	2266.755	443.976	507.555	557.549	2187.638	365.559	2193.555	2184.315	2200.218	2178.225	299.545	2224.891	2195.38	432.081	2179.432	2253.909	976.341	2254.657	535.341	2245.302	264.17	866.344	2218.976	2174.023	474.274	2224.606	2169.373	2202.726	437.56	2194.51	2195.251	200.311	2192.356	423.708	2247.932	2167.997	551.11	424.938	543.712	316.001	550.161	486.45	2163.808	415.379	562.954	2157.626	2168.588	638.303	452.501	2202.183	526.902	397.621	2229.732	373.165	
Six_mouse_models45856.py	1023.44	2371.468	274.829	1005.089	371.715	2217.68	972.915	555.162	236.388	545.124	2236.2	455.797	407.582	2377.988	2224.757	2201.809	2202.701	2358.725	2226.359	2216.084	542.706	2201.825	2275.692	2218.579	556.741	606.104	2245.075	500.278	2298.456	2219.377	554.318	2394.045	495.894	1072.215	2245.811	319.658	2350.406	2258.64	2229.828	0.0	1112.539	2279.449	2256.164	2271.527	627.084	2242.51	406.062	513.559	429.302	518.307	2230.438	404.747	637.624	2228.389	671.977	418.334	2356.741	940.252	2272.126	393.754	2242.659	2374.822	301.356	620.597	2279.707	1041.582	603.402	498.454	2242.243	505.039	591.694	2224.203	482.669	2204.547	466.699	519.915	2272.207	2249.593	2279.708	2264.832	2210.569	2222.398	648.651	2233.272	2272.44	625.708	571.31	2256.704	2234.09	470.875	2203.516	2248.763	285.532	2229.536	
Six_mouse_models22040.py	420.075	2291.924	1014.515	466.007	951.81	2348.25	406.641	847.174	1053.508	913.436	2281.146	941.919	952.882	2279.896	2310.665	2319.239	2371.892	2205.167	2262.214	2346.456	910.175	2324.325	2228.854	2314.317	917.743	882.46	2264.846	900.865	2224.047	2287.438	898.018	2246.615	935.4	242.125	2274.68	983.693	2279.889	2264.556	2266.755	1112.539	0.0	2199.769	2268.3	2176.662	875.558	2266.929	1019.768	956.408	970.556	907.817	2279.932	976.267	856.282	2374.524	811.101	1041.488	2184.67	468.203	2214.023	1087.43	2256.851	2236.908	982.211	903.226	2219.79	356.743	906.423	930.305	2274.565	935.229	865.881	2278.927	1014.649	2372.628	1016.306	963.389	2195.248	2301.396	2256.746	2260.268	2356.228	2327.333	890.983	2322.587	2181.001	879.798	915.978	2289.118	2341.27	917.905	2372.064	2278.605	1073.05	2308.946	
Six_mouse_models677.py	2209.555	861.558	2244.51	2218.239	2249.438	549.695	2272.981	2191.028	2277.629	2211.57	472.737	2235.631	2218.488	802.292	503.538	538.784	553.759	842.243	458.632	594.086	2216.314	513.367	152.036	536.39	2206.535	2172.329	451.618	2218.93	284.563	459.407	2205.545	816.821	2188.628	2213.938	423.522	2262.901	824.878	432.071	443.976	2279.449	2199.769	0.0	335.71	266.417	2148.769	534.685	2237.898	2226.122	2230.404	2202.46	479.218	2264.233	2153.333	619.179	2128.077	2285.018	818.348	2237.555	289.722	2287.868	471.097	813.315	2254.205	2207.537	222.867	2169.642	2203.214	2245.535	480.823	2229.978	2155.868	492.337	2232.71	621.703	2265.817	2209.392	311.551	614.176	343.499	376.959	659.405	587.762	2180.754	582.16	301.23	2180.092	2193.652	476.622	611.645	2229.683	661.264	427.713	2282.93	526.378	
Six_mouse_models39562.py	2263.661	870.375	2258.041	2271.214	2260.12	486.547	2324.707	2226.051	2278.776	2247.207	500.315	2264.278	2261.767	849.827	513.418	492.963	478.983	837.199	538.658	544.308	2237.411	510.045	297.099	528.729	2248.173	2207.677	565.88	2261.256	379.91	521.252	2251.466	940.746	2232.481	2279.603	526.508	2280.565	858.469	530.322	507.555	2256.164	2268.3	335.71	0.0	403.832	2192.415	659.788	2261.358	2247.324	2272.287	2252.048	541.486	2271.784	2195.89	608.517	2185.872	2302.046	979.987	2297.25	486.956	2286.748	583.594	964.306	2276.775	2249.808	365.602	2228.917	2243.337	2272.9	629.148	2270.171	2197.714	505.412	2255.601	514.867	2313.147	2236.925	451.865	654.667	338.932	545.817	651.987	581.733	2233.58	589.347	411.619	2227.723	2238.915	466.549	585.218	2267.391	586.057	532.494	2258.015	514.279	
Six_mouse_models11017.py	2207.731	895.062	2244.216	2205.707	2236.757	632.299	2258.657	2174.982	2276.285	2211.556	519.22	2222.724	2206.246	793.09	616.921	584.091	658.83	831.024	480.422	593.019	2208.873	571.804	275.654	563.675	2204.298	2178.592	490.38	2211.123	261.193	553.822	2194.793	834.784	2191.362	2199.951	533.772	2247.534	841.715	513.654	557.549	2271.527	2176.662	266.417	403.832	0.0	2158.919	517.67	2243.371	2220.178	2237.283	2193.008	569.879	2259.497	2156.392	659.293	2135.85	2271.506	793.261	2230.202	243.509	2283.035	489.073	822.207	2239.787	2199.883	217.163	2150.386	2201.413	2237.835	474.409	2226.475	2160.515	590.507	2235.675	644.633	2261.362	2216.56	209.016	643.453	281.262	444.854	651.625	617.724	2172.322	649.533	176.409	2177.107	2187.558	520.008	671.85	2222.102	682.514	482.005	2273.947	563.505	
Six_mouse_models28548.py	796.967	2311.645	530.427	818.281	485.917	2240.953	874.224	322.968	519.525	492.978	2221.309	526.934	563.209	2330.176	2216.85	2267.915	2260.44	2230.193	2231.373	2260.342	467.048	2273.825	2165.275	2275.347	483.433	174.284	2222.635	520.949	2164.719	2194.242	526.99	2248.758	517.512	848.592	2231.275	570.492	2304.331	2219.009	2187.638	627.084	875.558	2148.769	2192.415	2158.919	0.0	2206.345	495.437	516.504	504.285	534.967	2197.499	505.202	278.688	2243.885	273.406	633.253	2217.704	872.658	2167.737	605.155	2215.801	2261.385	573.796	540.629	2159.674	833.577	509.912	524.88	2215.295	534.317	186.955	2187.76	521.588	2286.3	610.908	473.0	2156.55	2224.503	2219.488	2198.014	2297.254	2258.677	580.232	2260.917	2154.322	552.239	506.051	2238.654	2280.922	559.076	2290.015	2190.974	630.184	2270.127	
Six_mouse_models2070.py	2284.834	867.404	2216.132	2279.803	2230.72	443.685	2321.059	2216.066	2243.413	2181.074	315.365	2190.292	2174.855	894.908	429.482	513.893	597.35	973.914	309.607	407.619	2195.425	529.444	528.13	493.722	2181.862	2226.818	280.159	2184.226	464.556	315.803	2168.266	835.445	2168.138	2285.37	441.127	2226.055	813.187	347.994	365.559	2242.51	2266.929	534.685	659.788	517.67	2206.345	0.0	2209.716	2183.902	2213.992	2169.598	428.747	2236.766	2206.897	397.834	2190.538	2249.273	907.858	2266.745	454.805	2253.276	241.448	810.24	2211.654	2169.927	464.19	2228.562	2178.419	2204.698	260.562	2196.384	2209.209	396.437	2202.105	546.329	2247.99	2182.156	470.853	448.231	547.239	282.237	554.006	552.943	2154.028	552.569	521.645	2159.47	2170.234	738.979	606.019	2197.24	617.183	348.929	2245.956	509.381	
