0,0,0.0
0,1,2649.87807547
0,2,1665.47973585
0,3,940.148603774
0,4,537.936990566
0,5,1019.98835849
0,6,3075.57772642
0,7,1834.1860283
0,8,1768.51650943
0,9,3044.21058491
0,10,3179.95562264
0,11,2146.27008491
0,12,3083.91827358
0,13,2482.51041509
0,14,2476.60476415
0,15,3562.9449434
0,16,4031.52450943
0,17,3634.48037736
0,18,2448.23245283
0,19,2487.04471698
0,20,2882.95806604
0,21,2119.67431132
0,22,2140.55061321
0,23,2368.32216981
0,24,3192.30037736
0,25,2536.6230283
0,26,2699.60290566
0,27,2347.09727358
0,28,3115.92165094
0,29,2372.8699717
0,30,3427.25372642
0,31,4124.82441509
0,32,3558.41967925
0,33,3106.9699434
0,34,2528.72725472
0,35,3740.52201887
0,36,3930.70233962
0,37,3352.53977358
0,38,4192.79204717
0,39,5333.92661321
0,40,5552.72683019
0,41,6902.15028302
0,42,6399.47461321
0,43,6470.02560377
0,44,6734.09440566
0,45,6274.20516981
0,46,7398.94443396
0,47,7653.64129245
0,48,7818.8289434
0,49,6852.78043396
0,50,6291.19519811
0,51,6778.07633019
0,52,8373.21796226
0,53,6933.08832075
0,54,7356.68163208
0,55,6954.66826415
0,56,6099.88766038
0,57,7497.78224528
0,58,7086.59973585
0,59,6749.54987736
0,60,8517.22660377
0,61,7555.26365094
0,62,8022.84364151
0,63,7850.61325472
0,64,8629.43384906
0,65,9179.37637736
0,66,9373.77632075
0,67,8470.9824717
0,68,9947.91501887
0,69,9091.03290566
0,70,10257.1816415
0,71,8534.94451887
0,72,9315.93559434
0,73,9528.2724717
0,74,9072.88693396
1,0,2649.87807547
1,1,0.0
1,2,1879.87949057
1,3,2018.28591509
1,4,2250.31348113
1,5,3150.47391509
1,6,3701.57275472
1,7,3975.11958491
1,8,4081.48968868
1,9,5316.56261321
1,10,5460.90564151
1,11,4511.45590566
1,12,5322.24499057
1,13,5009.94838679
1,14,4956.93362264
1,15,5743.62248113
1,16,6565.3285566
1,17,6213.46254717
1,18,4986.90054717
1,19,4791.26025472
1,20,5463.82826415
1,21,4682.24448113
1,22,4286.9994717
1,23,4755.88336792
1,24,5605.94700943
1,25,4562.85938679
1,26,4328.30289623
1,27,4619.00206604
1,28,5714.04634906
1,29,4796.38298113
1,30,5754.77308491
1,31,5976.28045283
1,32,5507.68267925
1,33,5069.135
1,34,4590.5080566
1,35,5339.11531132
1,36,5955.26940566
1,37,4694.22809434
1,38,5994.46880189
1,39,6379.03822642
1,40,7235.36456604
1,41,8375.78293396
1,42,7838.25184906
1,43,7881.1695
1,44,7990.86906604
1,45,7576.76458491
1,46,8774.17712264
1,47,8771.27143396
1,48,8934.70537736
1,49,8047.73772642
1,50,7737.29412264
1,51,7829.70807547
1,52,9992.61110377
1,53,8152.25959434
1,54,8226.13627358
1,55,8316.0770566
1,56,7559.32061321
1,57,8532.77691509
1,58,8572.63258491
1,59,7694.48814151
1,60,9439.56470755
1,61,8609.77271698
1,62,9225.23441509
1,63,9177.92614151
1,64,10109.9887642
1,65,10387.1098302
1,66,10675.2351698
1,67,10074.9942736
1,68,11561.1922736
1,69,10723.3860189
1,70,11568.5288396
1,71,10153.2942075
1,72,10734.6534811
1,73,10952.4483774
1,74,10571.1857264
2,0,1665.47973585
2,1,1879.87949057
2,2,0.0
2,3,909.865424528
2,4,1655.00669811
2,5,2008.06307547
2,6,3088.18841509
2,7,2535.26854717
2,8,2737.01819811
2,9,4143.05672642
2,10,3784.7004434
2,11,2985.44554717
2,12,3600.57425472
2,13,3724.72658491
2,14,3362.13803774
2,15,4154.54445283
2,16,4966.87127358
2,17,4692.6215
2,18,3695.36487736
2,19,3448.10554717
2,20,4104.62435849
2,21,3648.60949057
2,22,3328.44222642
2,23,3707.51438679
2,24,4814.91018868
2,25,4085.46583019
2,26,3667.73217925
2,27,3759.31363208
2,28,4521.46675472
2,29,3770.62023585
2,30,4908.73874528
2,31,5573.07537736
2,32,5014.49286792
2,33,4626.27200943
2,34,4169.20769811
2,35,5244.89749057
2,36,5531.23140566
2,37,4811.41299057
2,38,5804.46768868
2,39,6657.23173585
2,40,7138.16248113
2,41,8418.85953774
2,42,7880.06123585
2,43,7971.64906604
2,44,8122.55342453
2,45,7723.29519811
2,46,8872.37211321
2,47,9041.05192453
2,48,9240.10212264
2,49,8347.60310377
2,50,7799.67424528
2,51,8223.46354717
2,52,9916.1140566
2,53,8378.65800943
2,54,8703.28239623
2,55,8438.84439623
2,56,7646.4925
2,57,8885.48315094
2,58,8637.79209434
2,59,8141.46942453
2,60,9922.16009434
2,61,9023.01015094
2,62,9516.74732075
2,63,9400.94000943
2,64,10186.5520283
2,65,10701.3790943
2,66,10909.2428679
2,67,10072.3158679
2,68,11566.6933491
2,69,10709.2215189
2,70,11814.3444811
2,71,10151.3617925
2,72,10895.0009151
2,73,11094.3500472
2,74,10667.5163962
3,0,940.148603774
3,1,2018.28591509
3,2,909.865424528
3,3,0.0
3,4,957.577226415
3,5,1247.57507547
3,6,2636.25443396
3,7,2017.2270566
3,8,2126.57359434
3,9,3462.35682075
3,10,3489.33962264
3,11,2750.84745283
3,12,3368.22817925
3,13,3084.29965094
3,14,2999.4070283
3,15,4099.81235849
3,16,4634.657
3,17,4285.75362264
3,18,3261.35906604
3,19,3161.30943396
3,20,3665.69603774
3,21,2915.7755283
3,22,2965.47989623
3,23,3248.61466981
3,24,4034.34422642
3,25,3436.7375566
3,26,3418.26326415
3,27,3252.62234906
3,28,3969.33898113
3,29,3253.86780189
3,30,4357.20258491
3,31,5016.78916981
3,32,4459.99012264
3,33,3978.91788679
3,34,3398.71017925
3,35,4569.81024528
3,36,4659.53893396
3,37,4078.77120755
3,38,5041.73493396
3,39,6066.47321698
3,40,6405.71025472
3,41,7740.62163208
3,42,7233.21277358
3,43,7290.55956604
3,44,7538.46476415
3,45,7075.18588679
3,46,8226.8405283
3,47,8430.4800283
3,48,8585.85321698
3,49,7588.7765283
3,50,7115.92675472
3,51,7483.67059434
3,52,9247.61853774
3,53,7717.45816038
3,54,8055.05166038
3,55,7771.44985849
3,56,6906.53461321
3,57,8245.2970566
3,58,7913.81500943
3,59,7444.78429245
3,60,9219.17534906
3,61,8229.32676415
3,62,8682.59411321
3,63,8592.45829245
3,64,9446.27510377
3,65,9914.67483962
3,66,10143.5602358
3,67,9298.91408491
3,68,10750.5938679
3,69,9915.76829245
3,70,11016.5213679
3,71,9352.17064151
3,72,10076.0882358
3,73,10336.861717
3,74,9841.09663208
4,0,537.936990566
4,1,2250.31348113
4,2,1655.00669811
4,3,957.577226415
4,4,0.0
4,5,1423.6875566
4,6,3233.62714151
4,7,2321.42703774
4,8,2258.57301887
4,9,3477.08264151
4,10,3712.86570755
4,11,2585.94915094
4,12,3614.97454717
4,13,2958.43951887
4,14,3001.02019811
4,15,3967.01253774
4,16,4531.18159434
4,17,4126.94025472
4,18,2841.23678302
4,19,2854.29942453
4,20,3309.22173585
4,21,2500.02066981
4,22,2315.4260283
4,23,2634.00563208
4,24,3454.54442453
4,25,2562.4419717
4,26,2700.31593396
4,27,2525.07435849
4,28,3499.17016981
4,29,2660.54467925
4,30,3629.73360377
4,31,4131.7559717
4,32,3593.05636792
4,33,3139.11635849
4,34,2575.87173585
4,35,3641.84365094
4,36,4065.06429245
4,37,3172.03265094
4,38,4175.96482075
4,39,5120.34449057
4,40,5512.98617925
4,41,6813.52688679
4,42,6296.67071698
4,43,6360.50068868
4,44,6590.29806604
4,45,6134.30678302
4,46,7288.36492453
4,47,7482.23687736
4,48,7647.52417925
4,49,6702.85554717
4,50,6190.70106604
4,51,6592.24482075
4,52,8336.58474528
4,53,6779.06980189
4,54,7127.71951887
4,55,6836.45064151
4,56,6003.92687736
4,57,7305.40270755
4,58,7005.16821698
4,59,6534.42150943
4,60,8313.14850943
4,61,7392.31077358
4,62,7922.49307547
4,63,7753.6089717
4,64,8563.76411321
4,65,9056.63424528
4,66,9270.27445283
4,67,8440.65749057
4,68,9939.0155283
4,69,9075.09513208
4,70,10165.6467547
4,71,8513.59610377
4,72,9254.72470755
4,73,9451.6680283
4,74,9034.01396226
5,0,1019.98835849
5,1,3150.47391509
5,2,2008.06307547
5,3,1247.57507547
5,4,1423.6875566
5,5,0.0
5,6,2254.24884906
5,7,988.015396226
5,8,973.523056604
5,9,2221.38472642
5,10,2595.24315094
5,11,2348.52920755
5,12,2570.13248113
5,13,1917.67241509
5,14,2173.93578302
5,15,3767.59448113
5,16,3774.3910566
5,17,3369.44954717
5,18,2652.19989623
5,19,2726.34275472
5,20,2930.47445283
5,21,1891.28456604
5,22,2817.03899057
5,23,2824.22930189
5,24,3062.13935849
5,25,3083.38536792
5,26,3551.60833019
5,27,2896.86714151
5,28,3126.02575472
5,29,2682.12866038
5,30,3796.74634906
5,31,4702.52865094
5,32,4136.31139623
5,33,3566.95726415
5,34,2844.20429245
5,35,4277.47842453
5,36,3732.14149057
5,37,3849.9680283
5,38,4502.83637736
5,39,5985.9194717
5,40,5901.50238679
5,41,7349.03040566
5,42,6907.49878302
5,43,6934.04812264
5,44,7337.83887736
5,45,6804.9540283
5,46,7898.95173585
5,47,8226.99868868
5,48,8335.92240566
5,49,7197.07095283
5,50,6745.20051887
5,51,7169.29500943
5,52,8768.81209434
5,53,7442.93642453
5,54,7901.07606604
5,55,7436.24409434
5,56,6466.7095283
5,57,8044.87387736
5,58,7455.96284906
5,59,7224.04098113
5,60,8956.15103774
5,61,7808.57631132
5,62,8105.76133019
5,63,8049.13815094
5,64,8927.43213208
5,65,9425.93135849
5,66,9648.54921698
5,67,8688.14941509
5,68,10043.3681698
5,69,9253.29262264
5,70,10458.1645283
5,71,8695.88875472
5,72,9451.28474528
5,73,9807.1795
5,74,9174.29296226
6,0,3075.57772642
6,1,3701.57275472
6,2,3088.18841509
6,3,2636.25443396
6,4,3233.62714151
6,5,2254.24884906
6,6,0.0
6,7,2365.15846226
6,8,2558.75115094
6,9,3000.14421698
6,10,3761.62337736
6,11,4433.02624528
6,12,3817.88283962
6,13,3441.70491509
6,14,3928.81419811
6,15,5732.32438679
6,16,5388.56461321
6,17,5035.83675472
6,18,4799.03758491
6,19,4730.80714151
6,20,4962.32818868
6,21,3732.92166981
6,22,5066.44581132
6,23,5049.7130283
6,24,4678.56836792
6,25,5126.94820755
6,26,5754.90972642
6,27,5108.85173585
6,28,5089.89078302
6,29,4795.53901887
6,30,5908.51423585
6,31,6762.1339434
6,32,6235.3784717
6,33,5512.22529245
6,34,4675.80135849
6,35,6104.78266981
6,36,4855.16166981
6,37,5459.89716981
6,38,6157.98314151
6,39,7717.38945283
6,40,7540.85988679
6,41,9024.58110377
6,42,8658.40014151
6,43,8594.03273585
6,44,9145.85034906
6,45,8507.5974717
6,46,9609.48619811
6,47,9911.11286792
6,48,9918.96754717
6,49,8516.74923585
6,50,8411.26542453
6,51,8482.79422642
6,52,10464.3579245
6,53,9067.3080566
6,54,9382.08260377
6,55,9100.43019811
6,56,7991.72395283
6,57,9629.71049057
6,58,9007.0689434
6,59,8619.78215094
6,60,10281.673434
6,61,8874.82222642
6,62,8955.38669811
6,63,9190.92325472
6,64,10352.9805566
6,65,10571.2284057
6,66,10908.8697547
6,67,10048.9024057
6,68,11176.6388585
6,69,10529.9669528
6,70,11582.7676226
6,71,9963.76098113
6,72,10528.6906038
6,73,11155.8719245
6,74,10244.8667642
7,0,1834.1860283
7,1,3975.11958491
7,2,2535.26854717
7,3,2017.2270566
7,4,2321.42703774
7,5,988.015396226
7,6,2365.15846226
7,7,0.0
7,8,424.568943396
7,9,1692.78882075
7,10,1680.01600943
7,11,2176.21861321
7,12,1690.42424528
7,13,1454.29759434
7,14,1571.12074528
7,15,3425.6645
7,16,3120.77522642
7,17,2771.98623585
7,18,2567.00539623
7,19,2597.65035849
7,20,2680.05857547
7,21,1923.0944434
7,22,3133.59111321
7,23,2998.02441509
7,24,3147.98185849
7,25,3595.65561321
7,26,3996.8899717
7,27,3212.62960377
7,28,2945.84751887
7,29,2793.20251887
7,30,3950.29274528
7,31,5106.85308491
7,32,4535.9034717
7,33,4010.20267925
7,34,3360.31977358
7,35,4861.90418868
7,36,3979.53389623
7,37,4561.32119811
7,38,4969.60978302
7,39,6654.98706604
7,40,6342.05783019
7,41,7823.25766981
7,42,7410.60856604
7,43,7449.0204434
7,44,7886.27632075
7,45,7364.29870755
7,46,8394.44926415
7,47,8805.31796226
7,48,8916.98731132
7,49,7770.96726415
7,50,7250.55261321
7,51,7794.37682075
7,52,9134.12641509
7,53,8012.10069811
7,54,8569.97541509
7,55,7953.24869811
7,56,6975.71519811
7,57,8659.26090566
7,58,7919.99767925
7,59,7886.85506604
7,60,9582.47933019
7,61,8391.29748113
7,62,8581.19536792
7,63,8527.00484906
7,64,9341.93865094
7,65,9924.53141509
7,66,10115.1018774
7,67,9049.15728302
7,68,10345.0183962
7,69,9579.80387736
7,70,10893.5211698
7,71,9039.86290566
7,72,9846.80108491
7,73,10225.7021321
7,74,9536.12062264
8,0,1768.51650943
8,1,4081.48968868
8,2,2737.01819811
8,3,2126.57359434
8,4,2258.57301887
8,5,973.523056604
8,6,2558.75115094
8,7,424.568943396
8,8,0.0
8,9,1451.14372642
8,10,1737.04736792
8,11,2097.35649057
8,12,1784.8824434
8,13,1110.37142453
8,14,1478.333
8,15,3377.16857547
8,16,2984.84065094
8,17,2581.65465094
8,18,2327.33539623
8,19,2382.79343396
8,20,2438.2209717
8,21,1519.47868868
8,22,2922.70979245
8,23,2736.38100943
8,24,2736.11843396
8,25,3268.33335849
8,26,3811.79574528
8,27,2928.2205
8,28,2614.68962264
8,29,2459.53883019
8,30,3605.83086792
8,31,4763.35423585
8,32,4203.13338679
8,33,3667.88282075
8,34,2994.97331132
8,35,4512.85373585
8,36,3584.49515094
8,37,4235.20051887
8,38,4580.7734434
8,39,6324.85820755
8,40,5947.96978302
8,41,7435.56601887
8,42,7035.05762264
8,43,7068.05126415
8,44,7527.74737736
8,45,6996.79249057
8,46,8013.66543396
8,47,8441.26130189
8,48,8545.46610377
8,49,7392.33523585
8,50,6869.37239623
8,51,7427.21714151
8,52,8735.10818868
8,53,7640.15441509
8,54,8217.8565566
8,55,7572.83034906
8,56,6587.55795283
8,57,8296.35614151
8,58,7524.8859717
8,59,7530.46393396
8,60,9213.90011321
8,61,8019.40900943
8,62,8204.96506604
8,63,8134.93968868
8,64,8945.69170755
8,65,9534.51150943
8,66,9721.86983019
8,67,8644.41748113
8,68,9938.17568868
8,69,9170.84363208
8,70,10493.6456604
8,71,8631.22174528
8,72,9445.62279245
8,73,9821.2490566
8,74,9133.21883019
9,0,3044.21058491
9,1,5316.56261321
9,2,4143.05672642
9,3,3462.35682075
9,4,3477.08264151
9,5,2221.38472642
9,6,3000.14421698
9,7,1692.78882075
9,8,1451.14372642
9,9,0.0
9,10,2028.90074528
9,11,3094.18760377
9,12,2281.20341509
9,13,1040.94434906
9,14,2145.7765283
9,15,4132.74313208
9,16,2975.76920755
9,17,2545.23630189
9,18,2950.50700943
9,19,3072.62662264
9,20,2821.87553774
9,21,1717.10456604
9,22,3838.73450943
9,23,3432.07435849
9,24,2396.90550943
9,25,3782.79843396
9,26,4773.50850943
9,27,3609.45119811
9,28,2697.72926415
9,29,2988.30666981
9,30,3870.89912264
9,31,5096.86683962
9,32,4613.45462264
9,33,4008.45020755
9,34,3288.4549717
9,35,4817.13980189
9,36,3013.72067925
9,37,4584.93016981
9,38,4551.7690283
9,39,6662.08873585
9,40,5828.7265
9,41,7367.69072642
9,42,7080.50038679
9,43,7053.07836792
9,44,7699.22242453
9,45,7090.50680189
9,46,7999.86124528
9,47,8541.45723585
9,48,8560.71465094
9,49,7244.00367925
9,50,6850.88403774
9,51,7362.23958491
9,52,8524.1885566
9,53,7677.29006604
9,54,8327.61422642
9,55,7557.72551887
9,56,6472.3765
9,57,8376.43828302
9,58,7346.93804717
9,59,7579.43721698
9,60,9139.7014717
9,61,7762.86311321
9,62,7724.49992453
9,63,7745.60196226
9,64,8620.88516038
9,65,9165.37804717
9,66,9364.95432075
9,67,8207.03735849
9,68,9304.6795283
9,69,8637.46192453
9,70,10016.6788585
9,71,8117.10666981
9,72,8906.05608491
9,73,9439.31793396
9,74,8550.91845283
10,0,3179.95562264
10,1,5460.90564151
10,2,3784.7004434
10,3,3489.33962264
10,4,3712.86570755
10,5,2595.24315094
10,6,3761.62337736
10,7,1680.01600943
10,8,1737.04736792
10,9,2028.90074528
10,10,0.0
10,11,2135.28393396
10,12,333.664867925
10,13,1659.83656604
10,14,1061.67661321
10,15,2703.0024434
10,16,1838.60865094
10,17,1716.23049057
10,18,2504.96508491
10,19,2538.40707547
10,20,2306.76851887
10,21,2499.45579245
10,22,3553.51016981
10,23,3233.35460377
10,24,3513.48560377
10,25,4299.52877358
10,26,4491.11925472
10,27,3633.37869811
10,28,2702.09942453
10,29,3049.32841509
10,30,4042.27768868
10,31,5487.80911321
10,32,4946.82427358
10,33,4606.79596226
10,34,4188.678
10,35,5609.98938679
10,36,4630.1435566
10,37,5571.2465283
10,38,5614.16523585
10,39,7443.91434906
10,40,6859.24392453
10,41,8307.73788679
10,42,7925.40507547
10,43,8013.34773585
10,44,8427.80540566
10,45,7980.06731132
10,46,8877.29874528
10,47,9406.09179245
10,48,9555.42408491
10,49,8527.14382075
10,50,7807.65503774
10,51,8622.99367925
10,52,9401.7979434
10,53,8646.27291509
10,54,9377.98173585
10,55,8499.60177358
10,56,7601.02633019
10,57,9351.77410377
10,58,8431.3695566
10,59,8736.19849057
10,60,10356.807434
10,61,9223.71343396
10,62,9334.20590566
10,63,9181.8224717
10,64,9778.81489623
10,65,10568.9391887
10,66,10667.2564623
10,67,9436.72740566
10,68,10688.4631132
10,69,9930.13162264
10,70,11430.1206321
10,71,9436.45251887
10,72,10365.9258491
10,73,10673.4056698
10,74,10015.8754057
11,0,2146.27008491
11,1,4511.45590566
11,2,2985.44554717
11,3,2750.84745283
11,4,2585.94915094
11,5,2348.52920755
11,6,4433.02624528
11,7,2176.21861321
11,8,2097.35649057
11,9,3094.18760377
11,10,2135.28393396
11,11,0.0
11,12,1949.85461321
11,13,2142.09420755
11,14,1161.37521698
11,15,1457.14777358
11,16,2244.93109434
11,17,2019.63410377
11,18,1028.67680189
11,19,1150.1155283
11,20,1313.14013208
11,21,2124.55819811
11,22,1587.39886792
11,23,1499.71658491
11,24,3139.99564151
11,25,2838.85515094
11,26,2438.94486792
11,27,1934.47454717
11,28,1971.00476415
11,29,1693.54826415
11,30,2683.79861321
11,31,3935.19269811
11,32,3356.02248113
11,33,3285.53716981
11,34,3120.76148113
11,35,4224.90795283
11,36,4435.52895283
11,37,4327.63667925
11,38,4577.63828302
11,39,5901.02183019
11,40,5775.14203774
11,41,7073.9845283
11,42,6577.82433019
11,43,6750.90068868
11,44,6924.08069811
11,45,6606.71740566
11,46,7555.23307547
11,47,7970.73165094
11,48,8222.83858491
11,49,7496.07150943
11,50,6559.83825472
11,51,7518.93387736
11,52,8270.77679245
11,53,7319.44474528
11,54,8016.78442453
11,55,7210.90464151
11,56,6509.39234906
11,57,7972.19369811
11,58,7339.63970755
11,59,7495.55964151
11,60,9175.16743396
11,61,8360.70307547
11,62,8773.64043396
11,63,8411.47966038
11,64,8828.24308491
11,65,9724.70565094
11,66,9769.69043396
11,67,8634.79515094
11,68,10138.3415
11,69,9242.28166038
11,70,10680.0487264
11,71,8743.64982075
11,72,9730.14239623
11,73,9773.88488679
11,74,9441.28206604
12,0,3083.91827358
12,1,5322.24499057
12,2,3600.57425472
12,3,3368.22817925
12,4,3614.97454717
12,5,2570.13248113
12,6,3817.88283962
12,7,1690.42424528
12,8,1784.8824434
12,9,2281.20341509
12,10,333.664867925
12,11,1949.85461321
12,12,0.0
12,13,1825.70041509
12,14,990.895207547
12,15,2488.94300943
12,16,1880.04309434
12,17,1793.79421698
12,18,2438.65410377
12,19,2443.17207547
12,20,2282.57429245
12,21,2592.54546226
12,22,3430.11477358
12,23,3158.03895283
12,24,3655.88414151
12,25,4285.99826415
12,26,4344.26942453
12,27,3570.68191509
12,28,2754.3589717
12,29,3023.05206604
12,30,4043.20514151
12,31,5474.61053774
12,32,4923.98264151
12,33,4618.87859434
12,34,4231.31065094
12,35,5625.48683962
12,36,4807.50932075
12,37,5594.36213208
12,38,5690.62483019
12,39,7440.54510377
12,40,6939.6485566
12,41,8369.79282075
12,42,7966.22300943
12,43,8069.51511321
12,44,8440.83711321
12,45,8016.13498113
12,46,8925.57363208
12,47,9434.67618868
12,48,9603.61634906
12,49,8619.29363208
12,50,7864.82469811
12,51,8701.32930189
12,52,9480.39707547
12,53,8692.86082075
12,54,9416.34501887
12,55,8553.07104717
12,56,7682.7619434
12,57,9390.01495283
12,58,8517.68383962
12,59,8791.82310377
12,60,10430.2711038
12,61,9340.27422642
12,62,9491.40495283
12,63,9317.10033019
12,64,9889.78177358
12,65,10697.8020943
12,66,10789.251566
12,67,9569.85716038
12,68,10859.6253019
12,69,10080.9277358
12,70,11575.5887925
12,71,9585.56976415
12,72,10523.9936415
12,73,10794.6676038
12,74,10181.2848302
13,0,2482.51041509
13,1,5009.94838679
13,2,3724.72658491
13,3,3084.29965094
13,4,2958.43951887
13,5,1917.67241509
13,6,3441.70491509
13,7,1454.29759434
13,8,1110.37142453
13,9,1040.94434906
13,10,1659.83656604
13,11,2142.09420755
13,12,1825.70041509
13,13,0.0
13,14,1306.6985566
13,15,3191.79464151
13,16,2283.30715094
13,17,1800.66287736
13,18,1931.01981132
13,19,2131.5979434
13,20,1833.50036792
13,21,981.381613208
13,22,2881.70316981
13,23,2448.47008491
13,24,1953.92359434
13,25,3030.31265094
13,26,3842.75156604
13,27,2687.55528302
13,28,1802.75779245
13,29,2070.58706604
13,30,3003.35248113
13,31,4311.81801887
13,32,3797.2225566
13,33,3316.35117925
13,34,2713.10115094
13,35,4205.81572642
13,36,2994.51787736
13,37,4106.06479245
13,38,4085.19154717
13,39,6068.01176415
13,40,5368.82143396
13,41,6869.82150943
13,42,6522.38153774
13,43,6555.49018868
13,44,7083.56339623
13,45,6549.98273585
13,46,7470.30220755
13,47,7995.46568868
13,48,8088.74691509
13,49,6940.85616981
13,50,6353.01579245
13,51,7042.64979245
13,52,8039.68785849
13,53,7183.77857547
13,54,7880.3989434
13,55,7054.60626415
13,56,6069.55676415
13,57,7887.77554717
13,58,6935.26907547
13,59,7193.30396226
13,60,8797.09377358
13,61,7592.03626415
13,62,7710.11191509
13,63,7573.98425472
13,64,8290.21177358
13,65,8974.56324528
13,66,9116.02499057
13,67,7935.10199057
13,68,9181.51116038
13,69,8428.03863208
13,70,9858.4884434
13,71,7912.21233019
13,72,8794.00084906
13,73,9159.65041509
13,74,8455.25637736
14,0,2476.60476415
14,1,4956.93362264
14,2,3362.13803774
14,3,2999.4070283
14,4,3001.02019811
14,5,2173.93578302
14,6,3928.81419811
14,7,1571.12074528
14,8,1478.333
14,9,2145.7765283
14,10,1061.67661321
14,11,1161.37521698
14,12,990.895207547
14,13,1306.6985566
14,14,0.0
14,15,2036.17143396
14,16,1657.44941509
14,17,1365.06180189
14,18,1469.9155
14,19,1747.33687736
14,20,1381.18669811
14,21,1797.6370566
14,22,2502.46076415
14,23,2181.42749057
14,24,2870.13539623
14,25,3322.22314151
14,26,3447.94312264
14,27,2594.56064151
14,28,1884.19989623
14,29,2106.01691509
14,30,3087.72132075
14,31,4498.38719811
14,32,3939.66783962
14,33,3678.32499057
14,34,3328.57265094
14,35,4668.20690566
14,36,4120.13457547
14,37,4692.94410377
14,38,4777.95650943
14,39,6471.5929717
14,40,6018.55846226
14,41,7427.57486792
14,42,7005.72016038
14,43,7121.42470755
14,44,7464.47267925
14,45,7053.10256604
14,46,7971.24999057
14,47,8466.47513208
14,48,8648.25316038
14,49,7723.10775472
14,50,6919.78240566
14,51,7796.27166038
14,52,8569.69792453
14,53,7737.49460377
14,54,8466.10257547
14,55,7601.81249057
14,56,6765.39035849
14,57,8430.02875472
14,58,7600.40479245
14,59,7863.54185849
14,60,9507.2150566
14,61,8491.45280189
14,62,8727.87827358
14,63,8479.34472642
14,64,9010.46434906
14,65,9843.91083019
14,66,9921.61841509
14,67,8722.44250943
14,68,10084.1035094
14,69,9264.32925472
14,70,10745.1617358
14,71,8765.03758491
14,72,9724.27771698
14,73,9927.08110377
14,74,9398.01410377
15,0,3562.9449434
15,1,5743.62248113
15,2,4154.54445283
15,3,4099.81235849
15,4,3967.01253774
15,5,3767.59448113
15,6,5732.32438679
15,7,3425.6645
15,8,3377.16857547
15,9,4132.74313208
15,10,2703.0024434
15,11,1457.14777358
15,12,2488.94300943
15,13,3191.79464151
15,14,2036.17143396
15,15,0.0
15,16,2020.57406604
15,17,2129.96668868
15,18,1825.18725472
15,19,1920.59127358
15,20,1797.61113208
15,21,3303.68210377
15,22,2425.04386792
15,23,2293.53181132
15,24,4066.62659434
15,25,3807.43661321
15,26,3018.72633962
15,27,2774.12735849
15,28,2511.98660377
15,29,2591.74996226
15,30,3145.90595283
15,31,4429.5510566
15,32,3941.06214151
15,33,4145.81313208
15,34,4227.94710377
15,35,5084.50185849
15,36,5472.85001887
15,37,5403.23623585
15,38,5429.46199057
15,39,6623.94977358
15,40,6435.75187736
15,41,7596.12120755
15,42,7104.43566981
15,43,7346.11943396
15,44,7397.89948113
15,45,7212.52683019
15,46,8025.04093396
15,47,8487.05462264
15,48,8807.27007547
15,49,8298.17942453
15,50,7159.4229717
15,51,8354.73786792
15,52,8592.01571698
15,53,7930.31799057
15,54,8737.01367925
15,55,7762.76965094
15,56,7223.84045283
15,57,8591.67090566
15,58,7926.48111321
15,59,8305.15140566
15,60,9898.56357547
15,61,9245.17930189
15,62,9668.14161321
15,63,9185.58711321
15,64,9346.97270755
15,65,10439.7752547
15,66,10386.7324528
15,67,9168.60476415
15,68,10686.6081887
15,69,9770.59504717
15,70,11321.750783
15,71,9322.56886792
15,72,10409.0645189
15,73,10307.405
15,74,10111.3255849
16,0,4031.52450943
16,1,6565.3285566
16,2,4966.87127358
16,3,4634.657
16,4,4531.18159434
16,5,3774.3910566
16,6,5388.56461321
16,7,3120.77522642
16,8,2984.84065094
16,9,2975.76920755
16,10,1838.60865094
16,11,2244.93109434
16,12,1880.04309434
16,13,2283.30715094
16,14,1657.44941509
16,15,2020.57406604
16,16,0.0
16,17,564.515622642
16,18,2074.12266038
16,19,2463.18659434
16,20,1577.49483962
16,21,2763.92962264
16,22,3342.8574434
16,23,2827.39114151
16,24,3279.33495283
16,25,4084.048
16,26,4211.45517925
16,27,3295.07489623
16,28,1934.92142453
16,29,2796.76438679
16,30,3225.72253774
16,31,4767.79748113
16,32,4318.81911321
16,33,4270.59460377
16,34,4152.07566981
16,35,5270.69350943
16,36,4619.59757547
16,37,5548.36189623
16,38,5210.46011321
16,39,7008.64146226
16,40,6217.99139623
16,41,7534.83477358
16,42,7179.51380189
16,43,7330.07378302
16,44,7675.73440566
16,45,7336.22285849
16,46,8066.44549057
16,47,8686.96983962
16,48,8884.8075283
16,49,8086.996
16,50,7130.46079245
16,51,8242.23039623
16,52,8399.15666981
16,53,8002.77912264
16,54,8896.55384906
16,55,7773.45015094
16,56,7037.96654717
16,57,8739.52643396
16,58,7712.32466038
16,59,8344.31616981
16,60,9844.72989623
16,61,8901.32733019
16,62,9056.11143396
16,63,8694.9629434
16,64,8986.90884906
16,65,10011.2363491
16,66,9990.66053774
16,67,8645.91417925
16,68,9926.59179245
16,69,9131.67688679
16,70,10777.0195566
16,71,8695.81837736
16,72,9763.14216038
16,73,9888.88958491
16,74,9404.36170755
17,0,3634.48037736
17,1,6213.46254717
17,2,4692.6215
17,3,4285.75362264
17,4,4126.94025472
17,5,3369.44954717
17,6,5035.83675472
17,7,2771.98623585
17,8,2581.65465094
17,9,2545.23630189
17,10,1716.23049057
17,11,2019.63410377
17,12,1793.79421698
17,13,1800.66287736
17,14,1365.06180189
17,15,2129.96668868
17,16,564.515622642
17,17,0.0
17,18,1717.23085849
17,19,2136.40858491
17,20,1216.68513208
17,21,2230.52608491
17,22,3013.76500943
17,23,2465.36031132
17,24,2755.59663208
17,25,3631.12536792
17,26,3929.00164151
17,27,2909.4169717
17,28,1464.14487736
17,29,2347.85326415
17,30,2844.91266038
17,31,4397.00308491
17,32,3933.43143396
17,33,3818.73445283
17,34,3643.59839623
17,35,4813.93911321
17,36,4097.07373585
17,37,5057.42651887
17,38,4730.67071698
17,39,6585.62123585
17,40,5781.89223585
17,41,7136.67695283
17,42,6784.64722642
17,43,6915.50204717
17,44,7299.68886792
17,45,6924.3544434
17,46,7684.98112264
17,47,8297.15713208
17,48,8476.95849057
17,49,7623.08423585
17,50,6713.95589623
17,51,7773.48235849
17,52,8056.4485
17,53,7587.38083962
17,54,8460.58222642
17,55,7370.38981132
17,56,6591.22000943
17,57,8325.04472642
17,58,7296.73428302
17,59,7885.85936792
17,60,9403.47833962
17,61,8421.73307547
17,62,8575.46599057
17,63,8238.38038679
17,64,8601.32674528
17,65,9572.36221698
17,66,9579.4404434
17,67,8254.04627358
17,68,9539.94349057
17,69,8743.07961321
17,70,10356.9365472
17,71,8289.97291509
17,72,9332.404
17,73,9490.56139623
17,74,8977.36131132
18,0,2448.23245283
18,1,4986.90054717
18,2,3695.36487736
18,3,3261.35906604
18,4,2841.23678302
18,5,2652.19989623
18,6,4799.03758491
18,7,2567.00539623
18,8,2327.33539623
18,9,2950.50700943
18,10,2504.96508491
18,11,1028.67680189
18,12,2438.65410377
18,13,1931.01981132
18,14,1469.9155
18,15,1825.18725472
18,16,2074.12266038
18,17,1717.23085849
18,18,0.0
18,19,1394.65758491
18,20,558.98754717
18,21,1633.9975283
18,22,1312.41570755
18,23,796.605867925
18,24,2322.63583962
18,25,2166.68179245
18,26,2245.64233962
18,27,1289.55858491
18,28,1049.77766981
18,29,1100.17866981
18,30,1739.84336792
18,31,3121.52229245
18,32,2558.62091509
18,33,2554.90328302
18,34,2447.23267925
18,35,3484.99854717
18,36,3694.06074528
18,37,3724.54179245
18,38,3723.19458491
18,39,5204.24201887
18,40,4862.34773585
18,41,6172.4869434
18,42,5708.4119717
18,43,5875.9135
18,44,6111.29953774
18,45,5774.25204717
18,46,6672.16428302
18,47,7149.26365094
18,48,7382.6754434
18,49,6654.28216038
18,50,5683.85579245
18,51,6716.20775472
18,52,7318.90760377
18,53,6479.1935566
18,54,7248.80410377
18,55,6335.36254717
18,56,5629.80446226
18,57,7163.06692453
18,58,6421.60668868
18,59,6723.07187736
18,60,8350.4479434
18,61,7538.72780189
18,62,7945.74863208
18,63,7518.09533019
18,64,7885.3385283
18,65,8823.68
18,66,8845.87432075
18,67,7668.0319717
18,68,9163.20365094
18,69,8264.96465094
18,70,9744.19872642
18,71,7776.87564151
18,72,8797.88123585
18,73,8824.55033962
18,74,8502.87346226
19,0,2487.04471698
19,1,4791.26025472
19,2,3448.10554717
19,3,3161.30943396
19,4,2854.29942453
19,5,2726.34275472
19,6,4730.80714151
19,7,2597.65035849
19,8,2382.79343396
19,9,3072.62662264
19,10,2538.40707547
19,11,1150.1155283
19,12,2443.17207547
19,13,2131.5979434
19,14,1747.33687736
19,15,1920.59127358
19,16,2463.18659434
19,17,2136.40858491
19,18,1394.65758491
19,19,0.0
19,20,1664.52321698
19,21,2094.52156604
19,22,1616.36818868
19,23,1619.79577358
19,24,2894.46687736
19,25,2753.7535283
19,26,2431.53365094
19,27,1909.26339623
19,28,1832.17472642
19,29,1283.88968868
19,30,2452.37050943
19,31,3663.55160377
19,32,3151.26564151
19,33,3119.24388679
19,34,2987.65518868
19,35,4011.13700943
19,36,4165.51648113
19,37,4179.50024528
19,38,4292.73707547
19,39,5657.27532075
19,40,5429.46107547
19,41,6700.47648113
19,42,6238.81128302
19,43,6404.77473585
19,44,6602.21933019
19,45,6290.19837736
19,46,7183.82626415
19,47,7630.27295283
19,48,7877.60668868
19,49,7161.09122642
19,50,6212.18220755
19,51,7205.18263208
19,52,7853.35992453
19,53,6983.50784906
19,54,7714.01893396
19,55,6856.24568868
19,56,6165.34210377
19,57,7645.06395283
19,58,6959.71758491
19,59,7198.6325566
19,60,8835.6505
19,61,8031.28107547
19,62,8421.17424528
19,63,8036.02841509
19,64,8422.65553774
19,65,9333.82100943
19,66,9371.05778302
19,67,8217.88231132
19,68,9697.83119811
19,69,8806.35141509
19,70,10255.1683208
19,71,8316.18369811
19,72,9308.19189623
19,73,9345.05126415
19,74,9017.11683019
20,0,2882.95806604
20,1,5463.82826415
20,2,4104.62435849
20,3,3665.69603774
20,4,3309.22173585
20,5,2930.47445283
20,6,4962.32818868
20,7,2680.05857547
20,8,2438.2209717
20,9,2821.87553774
20,10,2306.76851887
20,11,1313.14013208
20,12,2282.57429245
20,13,1833.50036792
20,14,1381.18669811
20,15,1797.61113208
20,16,1577.49483962
20,17,1216.68513208
20,18,558.98754717
20,19,1664.52321698
20,20,0.0
20,21,1725.50114151
20,22,1847.70558491
20,23,1273.10536792
20,24,2291.90109434
20,25,2547.80838679
20,26,2745.42895283
20,27,1739.50283019
20,28,810.159867925
20,29,1450.68920755
20,30,1873.66533962
20,31,3369.79233962
20,32,2849.0415566
20,33,2838.76219811
20,34,2740.57664151
20,35,3794.48216038
20,36,3709.28076415
20,37,4075.32584906
20,38,3901.52404717
20,39,5528.32320755
20,40,4991.955
20,41,6314.35176415
20,42,5889.41914151
20,43,6050.38443396
20,44,6335.71246226
20,45,5991.54620755
20,46,6829.90469811
20,47,7365.38461321
20,48,7582.20283019
20,49,6830.03271698
20,50,5855.27749057
20,51,6928.82449057
20,52,7370.57567925
20,53,6684.29285849
20,54,7508.01935849
20,55,6506.50234906
20,56,5786.86135849
20,57,7392.18593396
20,58,6537.99912264
20,59,6972.09753774
20,60,8552.57216981
20,61,7699.37186792
20,62,8030.38915094
20,63,7608.59536792
20,64,7947.50345283
20,65,8920.39376415
20,66,8926.70623585
20,67,7687.38007547
20,68,9125.36891509
20,69,8252.23768868
20,70,9791.59333019
20,71,7778.47025472
20,72,8822.96661321
20,73,8875.71614151
20,74,8507.27351887
21,0,2119.67431132
21,1,4682.24448113
21,2,3648.60949057
21,3,2915.7755283
21,4,2500.02066981
21,5,1891.28456604
21,6,3732.92166981
21,7,1923.0944434
21,8,1519.47868868
21,9,1717.10456604
21,10,2499.45579245
21,11,2124.55819811
21,12,2592.54546226
21,13,981.381613208
21,14,1797.6370566
21,15,3303.68210377
21,16,2763.92962264
21,17,2230.52608491
21,18,1633.9975283
21,19,2094.52156604
21,20,1725.50114151
21,21,0.0
21,22,2276.64249057
21,23,1855.66368868
21,24,1282.82315094
21,25,2095.7384434
21,26,3171.87298113
21,27,1939.21926415
21,28,1490.95917925
21,29,1431.64793396
21,30,2290.40416981
21,31,3450.10699057
21,32,2927.14542453
21,33,2428.99545283
21,34,1747.23472642
21,35,3244.89406604
21,36,2392.31366981
21,37,3154.63263208
21,38,3180.48435849
21,39,5106.97117925
21,40,4503.07936792
21,41,5995.59543396
21,42,5622.33946226
21,43,5657.58471698
21,44,6165.04911321
21,45,5627.03831132
21,46,6585.49561321
21,47,7077.93496226
21,48,7173.12715094
21,49,6068.6204434
21,50,5457.63913208
21,51,6146.27536792
21,52,7246.29831132
21,53,6267.68304717
21,54,6943.45083962
21,55,6159.80786792
21,56,5189.5729434
21,57,6959.57570755
21,58,6084.94526415
21,59,6269.00026415
21,60,7904.40129245
21,61,6770.15427358
21,62,7002.1505
21,63,6796.73077358
21,64,7513.43324528
21,65,8186.64466981
21,66,8333.29574528
21,67,7202.88748113
21,68,8540.80727358
21,69,7735.5655283
21,70,9116.28766981
21,71,7203.75078302
21,72,8084.70533962
21,73,8384.51381132
21,74,7771.52824528
22,0,2140.55061321
22,1,4286.9994717
22,2,3328.44222642
22,3,2965.47989623
22,4,2315.4260283
22,5,2817.03899057
22,6,5066.44581132
22,7,3133.59111321
22,8,2922.70979245
22,9,3838.73450943
22,10,3553.51016981
22,11,1587.39886792
22,12,3430.11477358
22,13,2881.70316981
22,14,2502.46076415
22,15,2425.04386792
22,16,3342.8574434
22,17,3013.76500943
22,18,1312.41570755
22,19,1616.36818868
22,20,1847.70558491
22,21,2276.64249057
22,22,0.0
22,23,691.174924528
22,24,2877.70643396
22,25,1601.66937736
22,26,995.625216981
22,27,725.166471698
22,28,2093.81859434
22,29,1125.26991509
22,30,1797.17466038
22,31,2579.34670755
22,32,1994.19724528
22,33,2171.78267925
22,34,2220.10754717
22,35,2887.48527358
22,36,4023.88012264
22,37,3111.70215094
22,38,3487.22661321
22,39,4410.94591509
22,40,4596.83858491
22,41,5771.84307547
22,42,5217.64653774
22,43,5422.56527358
22,44,5475.67307547
22,45,5211.63695283
22,46,6199.03379245
22,47,6532.11566981
22,48,6819.79940566
22,49,6262.69333962
22,50,5247.35521698
22,51,6237.19307547
22,52,7065.51126415
22,53,5932.88359434
22,54,6586.34116981
22,55,5862.89360377
22,56,5279.88360377
22,57,6542.38607547
22,58,6106.85999057
22,59,6134.64670755
22,60,7825.33345283
22,61,7208.62453774
22,62,7822.65390566
22,63,7327.11521698
22,64,7672.28816038
22,65,8570.17506604
22,66,8600.90363208
22,67,7574.13563208
22,68,9203.13443396
22,69,8240.75614151
22,70,9579.48754717
22,71,7739.42184906
22,72,8717.71842453
22,73,8619.14919811
22,74,8479.45100943
23,0,2368.32216981
23,1,4755.88336792
23,2,3707.51438679
23,3,3248.61466981
23,4,2634.00563208
23,5,2824.22930189
23,6,5049.7130283
23,7,2998.02441509
23,8,2736.38100943
23,9,3432.07435849
23,10,3233.35460377
23,11,1499.71658491
23,12,3158.03895283
23,13,2448.47008491
23,14,2181.42749057
23,15,2293.53181132
23,16,2827.39114151
23,17,2465.36031132
23,18,796.605867925
23,19,1619.79577358
23,20,1273.10536792
23,21,1855.66368868
23,22,691.174924528
23,23,0.0
23,24,2341.93512264
23,25,1523.37739623
23,26,1571.05630189
23,27,564.536132075
23,28,1422.37208491
23,29,795.966792453
23,30,1341.46022642
23,31,2472.10380189
23,32,1878.46319811
23,33,2018.28656604
23,34,2019.21984906
23,35,2832.32161321
23,36,3600.72136792
23,37,3125.2625566
23,38,3233.72542453
23,39,4483.03999057
23,40,4347.28417925
23,41,5599.00008491
23,42,5091.89211321
23,43,5278.12693396
23,44,5441.57089623
23,45,5130.56012264
23,46,6068.48777358
23,47,6487.81117925
23,48,6746.05098113
23,49,6103.6485566
23,50,5093.94569811
23,51,6130.65785849
23,52,6822.56237736
23,53,5846.28276415
23,54,6579.07125472
23,55,5730.7069717
23,56,5084.84516981
23,57,6503.59315094
23,58,5889.75932075
23,59,6088.80576415
23,60,7738.79642453
23,61,7031.89392453
23,62,7562.20581132
23,63,7066.73722642
23,64,7406.65778302
23,65,8337.67376415
23,66,8356.99176415
23,67,7248.90356604
23,68,8823.99158491
23,69,7885.78404717
23,70,9301.55317925
23,71,7392.38919811
23,72,8403.77188679
23,73,8353.58024528
23,74,8138.76006604
24,0,3192.30037736
24,1,5605.94700943
24,2,4814.91018868
24,3,4034.34422642
24,4,3454.54442453
24,5,3062.13935849
24,6,4678.56836792
24,7,3147.98185849
24,8,2736.11843396
24,9,2396.90550943
24,10,3513.48560377
24,11,3139.99564151
24,12,3655.88414151
24,13,1953.92359434
24,14,2870.13539623
24,15,4066.62659434
24,16,3279.33495283
24,17,2755.59663208
24,18,2322.63583962
24,19,2894.46687736
24,20,2291.90109434
24,21,1282.82315094
24,22,2877.70643396
24,23,2341.93512264
24,24,0.0
24,25,2056.97965094
24,26,3624.44169811
24,27,2295.14319811
24,28,1667.80640566
24,29,1902.3704434
24,30,2020.74874528
24,31,2975.55551887
24,32,2604.36891509
24,33,2134.75928302
24,34,1523.35023585
24,35,2726.8685566
24,36,1430.17527358
24,37,2805.46843396
24,38,2284.40174528
24,39,4528.44660377
24,40,3482.4750566
24,41,5006.02243396
24,42,4726.12533962
24,43,4715.20077358
24,44,5376.28771698
24,45,4779.96630189
24,46,5634.84172642
24,47,6217.42283019
24,48,6257.78514151
24,49,5083.62049057
24,50,4518.92387736
24,51,5235.33190566
24,52,6165.72231132
24,53,5371.03406604
24,54,6131.00421698
24,55,5212.89263208
24,56,4188.30100943
24,57,6099.9280283
24,58,5021.52337736
24,59,5435.55949057
24,60,6956.1154717
24,61,5771.15057547
24,62,5946.07149057
24,63,5675.74873585
24,64,6378.15107547
24,65,7067.85866038
24,66,7200.11
24,67,6006.27380189
24,68,7292.94946226
24,69,6503.44770755
24,70,7936.46442453
24,71,5980.53807547
24,72,6892.26910377
24,73,7219.07304717
24,74,6563.0364434
25,0,2536.6230283
25,1,4562.85938679
25,2,4085.46583019
25,3,3436.7375566
25,4,2562.4419717
25,5,3083.38536792
25,6,5126.94820755
25,7,3595.65561321
25,8,3268.33335849
25,9,3782.79843396
25,10,4299.52877358
25,11,2838.85515094
25,12,4285.99826415
25,13,3030.31265094
25,14,3322.22314151
25,15,3807.43661321
25,16,4084.048
25,17,3631.12536792
25,18,2166.68179245
25,19,2753.7535283
25,20,2547.80838679
25,21,2095.7384434
25,22,1601.66937736
25,23,1523.37739623
25,24,2056.97965094
25,25,0.0
25,26,1890.42336792
25,27,1077.24126415
25,28,2294.58696226
25,29,1675.39940566
25,30,1510.41408491
25,31,1687.04990566
25,32,1148.82356604
25,33,1188.21551887
25,34,847.519632075
25,35,1399.97098113
25,36,2799.11585849
25,37,1615.17617925
25,38,1944.79624528
25,39,3160.76180189
25,40,3163.65174528
25,41,4458.29010377
25,42,3946.76674528
25,43,4063.06307547
25,44,4329.62645283
25,45,3893.06890566
25,46,4950.12111321
25,47,5301.2815
25,48,5490.7104434
25,49,4727.5964717
25,50,3889.86880189
25,51,4711.16393396
25,52,5886.82228302
25,53,4586.44242453
25,54,5211.88395283
25,55,4540.72822642
25,56,3798.11604717
25,57,5218.012
25,58,4705.43539623
25,59,4666.4070566
25,60,6372.42543396
25,61,5632.01750943
25,62,6280.43617925
25,63,5781.26993396
25,64,6301.81828302
25,65,7051.89007547
25,66,7144.76506604
25,67,6175.66378302
25,68,7781.20159434
25,69,6835.28377358
25,70,8089.67699057
25,71,6306.25615094
25,72,7221.26881132
25,73,7215.43839623
25,74,6996.06266038
26,0,2699.60290566
26,1,4328.30289623
26,2,3667.73217925
26,3,3418.26326415
26,4,2700.31593396
26,5,3551.60833019
26,6,5754.90972642
26,7,3996.8899717
26,8,3811.79574528
26,9,4773.50850943
26,10,4491.11925472
26,11,2438.94486792
26,12,4344.26942453
26,13,3842.75156604
26,14,3447.94312264
26,15,3018.72633962
26,16,4211.45517925
26,17,3929.00164151
26,18,2245.64233962
26,19,2431.53365094
26,20,2745.42895283
26,21,3171.87298113
26,22,995.625216981
26,23,1571.05630189
26,24,3624.44169811
26,25,1890.42336792
26,26,0.0
26,27,1367.38795283
26,28,2960.87415094
26,29,2043.74042453
26,30,2249.30420755
26,31,2441.39317925
26,32,1972.23730189
26,33,2416.75880189
26,34,2675.01939623
26,35,2839.04777358
26,36,4629.17710377
26,37,3137.5170566
26,38,3671.15434906
26,39,4013.50008491
26,40,4618.30637736
26,41,5596.23433962
26,42,4980.98146226
26,43,5237.23586792
26,44,5089.16679245
26,45,4942.23811321
26,46,5933.27112264
26,47,6159.19163208
26,48,6504.12522642
26,49,6182.73661321
26,50,5085.10424528
26,51,6100.99373585
26,52,6918.75575472
26,53,5660.59804717
26,54,6243.24311321
26,55,5633.33766981
26,56,5230.09829245
26,57,6196.80521698
26,58,6015.05477358
26,59,5898.26509434
26,60,7573.66771698
26,61,7187.28740566
26,62,7963.71609434
26,63,7373.51774528
26,64,7597.92934906
26,65,8525.2969717
26,66,8523.011
26,67,7604.22106604
26,68,9325.89116981
26,69,8319.00561321
26,70,9572.98623585
26,71,7832.77033962
26,72,8804.01391509
26,73,8561.41600943
26,74,8610.23098113
27,0,2347.09727358
27,1,4619.00206604
27,2,3759.31363208
27,3,3252.62234906
27,4,2525.07435849
27,5,2896.86714151
27,6,5108.85173585
27,7,3212.62960377
27,8,2928.2205
27,9,3609.45119811
27,10,3633.37869811
27,11,1934.47454717
27,12,3570.68191509
27,13,2687.55528302
27,14,2594.56064151
27,15,2774.12735849
27,16,3295.07489623
27,17,2909.4169717
27,18,1289.55858491
27,19,1909.26339623
27,20,1739.50283019
27,21,1939.21926415
27,22,725.166471698
27,23,564.536132075
27,24,2295.14319811
27,25,1077.24126415
27,26,1367.38795283
27,27,0.0
27,28,1741.91523585
27,29,969.456443396
27,30,1247.52279245
27,31,2097.99595283
27,32,1489.55041509
27,33,1673.09777358
27,34,1673.31884906
27,35,2372.41093396
27,36,3423.9779434
27,37,2669.34584906
27,38,2860.58922642
27,39,4011.96624528
27,40,3986.00823585
27,41,5224.82665094
27,42,4698.85792453
27,43,4879.18119811
27,44,5036.02114151
27,45,4709.6099434
27,46,5683.54562264
27,47,6075.63732075
27,48,6321.70139623
27,49,5693.19421698
27,50,4700.0334717
27,51,5700.60007547
27,52,6518.50379245
27,53,5425.92232075
27,54,6123.66977358
