	SHH_INV_models44728.py	SHH_INV_models16521.py	SHH_INV_models29114.py	SHH_INV_models19205.py	SHH_INV_models21231.py	SHH_INV_models41734.py	SHH_INV_models46024.py	SHH_INV_models38317.py	SHH_INV_models4783.py	SHH_INV_models17285.py	SHH_INV_models47949.py	SHH_INV_models9775.py	SHH_INV_models9343.py	SHH_INV_models44527.py	SHH_INV_models27324.py	SHH_INV_models48063.py	SHH_INV_models32989.py	SHH_INV_models12294.py	SHH_INV_models35185.py	SHH_INV_models41236.py	SHH_INV_models49623.py	SHH_INV_models41504.py	SHH_INV_models33250.py	SHH_INV_models11878.py	SHH_INV_models32588.py	SHH_INV_models4738.py	SHH_INV_models10603.py	SHH_INV_models46386.py	SHH_INV_models36367.py	SHH_INV_models31544.py	SHH_INV_models752.py	SHH_INV_models9934.py	SHH_INV_models12136.py	SHH_INV_models303.py	SHH_INV_models31360.py	SHH_INV_models37821.py	SHH_INV_models24877.py	SHH_INV_models26389.py	SHH_INV_models7085.py	SHH_INV_models4335.py	SHH_INV_models14218.py	SHH_INV_models7363.py	SHH_INV_models3889.py	SHH_INV_models42182.py	SHH_INV_models5675.py	SHH_INV_models27731.py	SHH_INV_models34635.py	SHH_INV_models11759.py	SHH_INV_models26656.py	SHH_INV_models16997.py	SHH_INV_models34908.py	SHH_INV_models23069.py	SHH_INV_models24075.py	SHH_INV_models1789.py	SHH_INV_models39397.py	SHH_INV_models19979.py	SHH_INV_models18336.py	SHH_INV_models44002.py	SHH_INV_models4565.py	SHH_INV_models33503.py	SHH_INV_models43247.py	SHH_INV_models27753.py	SHH_INV_models407.py	SHH_INV_models31807.py	SHH_INV_models2428.py	SHH_INV_models42632.py	SHH_INV_models23162.py	SHH_INV_models8993.py	SHH_INV_models35750.py	SHH_INV_models28130.py	SHH_INV_models46914.py	SHH_INV_models9435.py	SHH_INV_models30420.py	SHH_INV_models6283.py	SHH_INV_models49486.py	SHH_INV_models34488.py	SHH_INV_models43398.py	SHH_INV_models29109.py	SHH_INV_models15318.py	SHH_INV_models39520.py	SHH_INV_models10717.py	SHH_INV_models853.py	SHH_INV_models48219.py	SHH_INV_models2647.py	SHH_INV_models48908.py	SHH_INV_models368.py	SHH_INV_models9466.py	SHH_INV_models15230.py	SHH_INV_models44068.py	SHH_INV_models43522.py	SHH_INV_models15177.py	SHH_INV_models19031.py	SHH_INV_models39150.py	SHH_INV_models34346.py	SHH_INV_models9432.py	SHH_INV_models20110.py	SHH_INV_models15480.py	SHH_INV_models12007.py	SHH_INV_models34874.py	SHH_INV_models19526.py	SHH_INV_models25486.py	SHH_INV_models44933.py	SHH_INV_models35015.py	SHH_INV_models28526.py	SHH_INV_models13586.py	SHH_INV_models3099.py	SHH_INV_models8262.py	SHH_INV_models31200.py	SHH_INV_models23205.py	SHH_INV_models47621.py	SHH_INV_models22324.py	SHH_INV_models37826.py	SHH_INV_models763.py	SHH_INV_models15545.py	SHH_INV_models14303.py	SHH_INV_models20474.py	SHH_INV_models21021.py	SHH_INV_models29121.py	SHH_INV_models49468.py	SHH_INV_models12977.py	SHH_INV_models7749.py	SHH_INV_models35953.py	SHH_INV_models13243.py	SHH_INV_models34617.py	SHH_INV_models17609.py	SHH_INV_models16734.py	SHH_INV_models48431.py	SHH_INV_models32647.py	SHH_INV_models46709.py	SHH_INV_models41489.py	SHH_INV_models41662.py	SHH_INV_models32470.py	SHH_INV_models49367.py	SHH_INV_models10563.py	SHH_INV_models7413.py	SHH_INV_models43979.py	SHH_INV_models31285.py	SHH_INV_models13852.py	SHH_INV_models13110.py	SHH_INV_models6069.py	SHH_INV_models28719.py	SHH_INV_models46385.py	SHH_INV_models48188.py	SHH_INV_models45646.py	SHH_INV_models24452.py	SHH_INV_models31761.py	SHH_INV_models18693.py	SHH_INV_models8715.py	SHH_INV_models31246.py	SHH_INV_models4864.py	SHH_INV_models8640.py	SHH_INV_models17914.py	SHH_INV_models1242.py	SHH_INV_models29492.py	SHH_INV_models2093.py	SHH_INV_models43953.py	SHH_INV_models5998.py	SHH_INV_models25902.py	SHH_INV_models219.py	SHH_INV_models11501.py	SHH_INV_models16003.py	SHH_INV_models19930.py	SHH_INV_models38269.py	SHH_INV_models45486.py	SHH_INV_models10289.py	SHH_INV_models25286.py	SHH_INV_models14269.py	SHH_INV_models36537.py	SHH_INV_models20421.py	SHH_INV_models29262.py	SHH_INV_models23725.py	SHH_INV_models19816.py	SHH_INV_models10829.py	SHH_INV_models18000.py	SHH_INV_models35002.py	SHH_INV_models12621.py	SHH_INV_models47672.py	SHH_INV_models24874.py	SHH_INV_models41386.py	SHH_INV_models1146.py	SHH_INV_models48988.py	SHH_INV_models28974.py	SHH_INV_models9425.py	SHH_INV_models19215.py	SHH_INV_models8192.py	SHH_INV_models6414.py	SHH_INV_models23766.py	SHH_INV_models40758.py	SHH_INV_models32339.py	SHH_INV_models3097.py	SHH_INV_models23234.py	SHH_INV_models34009.py	SHH_INV_models13349.py	SHH_INV_models36972.py	SHH_INV_models2826.py	SHH_INV_models8594.py	SHH_INV_models35358.py	SHH_INV_models14491.py	SHH_INV_models48061.py	SHH_INV_models44526.py	
SHH_INV_models44728.py	0.0	3043.925	3045.294	351.225	425.876	719.149	3019.795	3003.907	3085.813	3011.19	498.404	2983.867	3009.756	3013.777	3112.718	645.339	3082.669	533.242	3160.331	819.652	3187.247	617.391	479.844	517.761	580.072	3093.444	764.955	3002.138	2995.099	3139.626	1010.17	818.417	871.104	3212.129	3245.323	3284.356	1188.441	1315.96	2232.958	2258.961	3489.721	2214.715	3471.845	2197.468	2203.228	2152.645	3456.231	2188.235	3441.675	2211.083	2207.032	3474.799	3496.925	2243.055	2246.151	2240.146	2165.408	2240.569	2226.082	3462.482	2201.463	3475.565	2164.838	3471.536	3473.252	2277.031	2143.86	3475.275	2178.718	3449.96	2260.752	2129.287	3475.98	2161.68	3457.426	2256.261	2143.758	2217.558	3483.956	3452.35	3469.109	2271.776	2245.922	2175.903	3486.069	2122.465	3465.505	3491.365	3468.266	3458.998	3449.804	3472.396	2221.5	2241.768	2166.681	3458.562	3486.727	3467.229	3489.492	2127.292	2241.884	3480.464	3472.156	2255.446	3462.901	2176.246	2143.116	3455.759	2201.79	3468.35	3493.039	3491.975	3464.198	2197.231	3488.471	3485.475	2255.174	3451.786	3471.338	3456.703	3441.813	3461.93	2163.858	2216.894	2233.858	3499.396	2201.618	2250.656	3472.911	3446.469	2239.279	3456.082	2200.914	3472.525	3463.831	3451.235	3477.705	3480.642	2243.255	2212.782	2213.169	2252.432	3485.161	2227.568	3486.392	2275.075	2247.899	2145.472	3480.06	3469.758	2223.352	3442.819	2170.303	3500.309	2102.919	2248.708	2240.16	2172.753	2138.784	3465.954	3460.949	2271.917	2239.274	2137.885	2159.254	3506.177	2196.662	2261.288	3474.726	3462.714	2160.491	3493.435	2255.472	3495.18	2243.477	3468.095	3471.03	2120.287	3506.904	2268.77	3456.73	2189.702	3478.122	2165.127	3486.915	3468.543	3449.446	2256.444	2242.492	2221.198	3480.87	2261.795	3476.304	3461.064	2266.906	3480.96	2261.812	2210.884	2225.421	2222.746	
SHH_INV_models16521.py	3043.925	0.0	313.89	3046.13	3035.973	3114.979	611.662	515.497	439.32	493.393	3054.954	439.668	629.45	501.606	578.461	3148.94	507.587	3132.419	1045.596	3167.754	945.818	3072.288	2998.077	3130.52	3045.086	488.089	3233.64	537.451	538.485	707.829	3265.395	3208.482	2970.434	1142.614	1140.908	1005.631	3318.931	3459.752	3506.723	3524.702	2170.358	3510.592	2247.045	3517.985	3527.519	3524.541	2269.134	3489.925	2215.821	3489.544	3554.706	2334.879	2263.292	3521.358	3498.308	3497.781	3536.638	3509.047	3517.547	2297.889	3511.382	2232.629	3511.28	2211.957	2185.088	3515.932	3503.7	2297.908	3521.194	2254.323	3496.777	3540.153	2228.343	3533.321	2253.916	3515.388	3511.393	3517.282	2111.981	2299.806	2174.905	3503.034	3503.381	3499.57	2252.034	3527.165	2202.27	2258.166	2263.718	2307.748	2309.052	2260.598	3494.75	3507.873	3503.584	2327.144	2231.796	2240.984	2250.728	3520.175	3524.936	2148.665	2336.592	3515.708	2337.266	3535.959	3553.458	2243.775	3495.409	2295.754	2287.201	2256.937	2244.167	3499.736	2270.617	2269.272	3532.523	2316.248	2347.409	2326.348	2272.606	2228.339	3527.875	3466.708	3505.519	2325.939	3526.43	3504.986	2320.035	2319.466	3495.192	2318.876	3515.337	2257.809	2237.54	2326.251	2309.189	2223.893	3492.094	3510.217	3537.577	3507.022	2202.184	3510.544	2173.775	3482.755	3542.035	3508.192	2292.822	2330.453	3483.227	2321.159	3486.593	2239.053	3529.19	3499.849	3538.914	3520.362	3530.881	2335.588	2327.89	3499.295	3494.662	3508.825	3491.345	2310.919	3504.503	3517.284	2292.546	2239.232	3506.461	2356.015	3486.285	2199.293	3508.738	2202.929	2317.297	3538.809	2264.175	3518.925	2295.842	3498.668	2268.924	3515.781	2316.034	2230.798	2329.36	3503.495	3471.649	3485.192	2346.927	3501.206	2330.279	2315.704	3533.353	2213.594	3539.332	3536.359	3483.313	3517.202	
SHH_INV_models29114.py	3045.294	313.89	0.0	3051.86	3031.54	3145.855	576.264	503.578	434.047	345.433	3057.273	520.178	690.67	359.701	644.578	3170.915	450.383	3148.374	1048.634	3189.302	932.683	3098.642	3013.035	3148.567	3057.206	539.525	3254.47	512.034	527.29	656.347	3295.35	3224.694	2961.485	1123.622	1094.835	969.615	3342.761	3485.098	3537.053	3547.157	2181.608	3535.354	2257.28	3543.995	3551.22	3543.308	2255.488	3516.936	2221.964	3508.176	3583.53	2340.231	2277.153	3545.638	3530.209	3517.863	3552.217	3532.892	3537.801	2290.167	3535.039	2217.735	3534.268	2219.658	2178.937	3540.757	3514.706	2293.972	3546.491	2274.907	3521.121	3552.612	2227.967	3550.163	2259.17	3540.226	3532.401	3537.994	2118.786	2294.593	2166.563	3529.515	3532.471	3528.91	2258.335	3547.682	2192.431	2255.884	2264.441	2317.287	2309.533	2254.74	3520.185	3522.593	3520.521	2327.543	2218.032	2236.244	2250.335	3540.317	3552.875	2128.643	2326.98	3538.326	2331.802	3553.297	3583.186	2233.988	3516.744	2300.951	2287.945	2270.593	2237.189	3526.028	2261.498	2257.796	3550.029	2317.476	2346.424	2325.222	2264.853	2219.448	3541.108	3491.957	3520.311	2300.081	3540.44	3532.975	2302.333	2330.499	3517.265	2315.337	3524.191	2268.171	2246.468	2321.952	2306.431	2233.272	3518.529	3542.723	3556.187	3534.62	2208.587	3527.977	2183.603	3501.742	3558.909	3525.225	2290.1	2321.903	3506.008	2318.122	3507.208	2216.425	3547.088	3521.711	3570.746	3543.083	3558.409	2330.298	2340.271	3522.478	3516.111	3527.297	3512.172	2297.629	3523.843	3550.056	2292.418	2223.983	3524.227	2345.94	3512.019	2203.37	3533.128	2207.667	2317.058	3549.069	2263.285	3551.416	2280.118	3513.536	2258.196	3528.592	2311.546	2228.664	2327.969	3525.865	3493.719	3508.39	2325.892	3521.569	2317.795	2308.368	3552.77	2193.793	3568.486	3561.391	3511.46	3535.143	
SHH_INV_models19205.py	351.225	3046.13	3051.86	0.0	527.543	774.571	3052.82	3028.381	3073.103	3020.088	626.007	2993.73	3023.572	3028.139	3116.233	736.667	3074.605	664.289	3146.749	883.76	3167.316	756.109	469.293	545.842	724.967	3074.575	879.682	2999.698	3000.417	3120.941	1056.667	921.63	894.031	3175.194	3201.194	3242.005	1287.588	1428.313	2212.122	2236.078	3479.941	2208.44	3461.332	2175.021	2193.604	2134.835	3453.348	2165.788	3440.773	2200.203	2201.912	3466.877	3492.396	2227.024	2228.568	2221.029	2170.491	2224.229	2179.628	3455.637	2185.885	3476.814	2163.281	3463.37	3462.405	2252.245	2139.548	3462.979	2168.245	3442.254	2246.775	2128.431	3475.945	2149.938	3453.248	2231.467	2131.94	2220.96	3481.0	3446.086	3454.976	2262.044	2225.138	2156.585	3465.33	2110.132	3463.008	3481.091	3454.001	3449.242	3447.667	3466.658	2227.501	2213.429	2169.855	3452.434	3491.293	3467.328	3485.879	2125.205	2232.075	3475.405	3468.229	2237.723	3453.416	2172.054	2141.269	3455.985	2193.598	3464.548	3484.005	3477.113	3468.581	2163.95	3497.074	3469.984	2236.863	3449.874	3460.269	3452.382	3432.187	3456.869	2173.988	2194.222	2220.621	3489.401	2161.467	2254.189	3462.769	3441.833	2215.693	3460.193	2169.11	3458.081	3459.062	3440.286	3468.208	3474.621	2215.104	2183.513	2211.294	2234.802	3475.798	2198.305	3481.203	2236.121	2231.872	2127.744	3472.856	3450.472	2207.416	3436.332	2171.472	3498.888	2104.391	2233.959	2216.016	2161.808	2125.011	3461.788	3452.731	2256.741	2221.111	2148.352	2143.281	3493.044	2162.286	2240.682	3466.373	3464.088	2159.019	3483.518	2247.759	3478.994	2226.031	3464.695	3452.859	2125.565	3502.912	2238.689	3443.141	2169.113	3466.508	2138.451	3474.224	3467.79	3439.023	2244.949	2216.551	2204.854	3472.713	2235.135	3463.892	3461.248	2246.535	3478.156	2234.307	2165.793	2215.376	2220.301	
SHH_INV_models21231.py	425.876	3035.973	3031.54	527.543	0.0	879.532	2999.467	3003.31	3084.177	3000.166	402.299	2965.869	2987.51	2999.906	3098.192	777.804	3066.147	605.734	3144.803	933.106	3181.356	666.862	628.544	679.041	631.989	3082.166	937.966	3003.294	3014.276	3136.914	1172.269	911.293	913.485	3246.225	3260.493	3277.146	1238.384	1365.869	2298.842	2281.087	3509.47	2262.654	3499.663	2239.86	2247.54	2174.267	3490.065	2231.943	3465.867	2258.955	2225.985	3499.605	3517.043	2287.901	2296.93	2279.219	2164.805	2265.645	2265.776	3480.277	2244.389	3500.574	2201.245	3508.126	3500.576	2315.165	2174.8	3496.071	2216.835	3484.239	2301.229	2144.803	3489.441	2210.524	3483.209	2320.754	2193.016	2224.077	3521.269	3481.561	3506.781	2311.838	2311.322	2247.671	3516.826	2182.555	3501.395	3530.046	3490.745	3487.2	3461.477	3495.992	2265.934	2263.147	2179.58	3492.015	3516.722	3497.826	3514.288	2170.004	2289.463	3503.296	3489.992	2322.205	3482.034	2214.588	2168.032	3482.736	2248.297	3479.317	3524.077	3509.374	3497.161	2253.551	3532.952	3502.376	2299.212	3484.577	3492.016	3479.605	3464.612	3484.326	2173.399	2265.78	2270.506	3517.724	2204.082	2318.931	3491.668	3478.605	2303.654	3479.565	2207.462	3490.254	3500.26	3480.483	3498.974	3494.235	2289.085	2284.628	2233.082	2313.095	3516.85	2275.576	3516.982	2316.533	2264.243	2175.536	3504.422	3491.767	2276.571	3469.216	2206.626	3521.92	2127.98	2309.439	2325.92	2246.082	2194.637	3486.828	3488.244	2313.826	2293.86	2168.042	2211.341	3530.322	2261.66	2327.827	3499.206	3490.537	2226.459	3509.083	2311.59	3524.166	2293.898	3490.355	3487.591	2139.623	3550.296	2331.179	3479.144	2241.428	3506.411	2180.149	3500.493	3485.33	3469.675	2306.748	2295.241	2283.404	3491.936	2322.282	3497.239	3477.31	2311.27	3505.738	2327.355	2274.557	2273.965	2221.572	
SHH_INV_models41734.py	719.149	3114.979	3145.855	774.571	879.532	0.0	3078.721	3077.895	3171.736	3120.23	797.961	3048.589	3064.144	3126.983	3129.323	511.084	3191.883	759.264	3146.168	568.719	3185.719	744.612	789.812	642.495	669.837	3167.067	739.739	3087.11	3093.331	3188.484	723.154	609.948	1173.693	3179.857	3241.699	3304.803	956.853	1095.361	2253.766	2304.304	3488.674	2295.467	3480.613	2281.5	2212.159	2263.159	3479.062	2250.391	3447.581	2266.251	2236.39	3484.703	3496.047	2296.336	2263.055	2320.536	2286.787	2332.494	2313.631	3477.579	2272.16	3504.586	2270.889	3480.032	3493.117	2331.474	2261.864	3495.767	2268.907	3465.89	2330.916	2289.64	3500.121	2307.489	3462.521	2227.722	2195.79	2256.279	3502.063	3457.31	3494.095	2356.153	2294.281	2218.776	3478.781	2217.858	3487.924	3498.988	3480.017	3476.738	3462.839	3487.26	2305.728	2339.124	2245.32	3471.785	3523.16	3481.938	3510.506	2241.84	2238.001	3510.094	3484.546	2330.421	3476.373	2213.098	2132.36	3496.295	2286.899	3470.746	3500.882	3497.563	3480.529	2282.483	3515.825	3511.681	2291.317	3457.618	3476.739	3480.738	3464.62	3491.408	2287.238	2272.938	2262.27	3513.893	2315.574	2295.642	3492.704	3457.064	2326.503	3463.463	2319.753	3481.214	3472.072	3464.932	3487.417	3503.794	2240.895	2275.759	2307.919	2301.387	3499.776	2258.215	3503.182	2311.492	2331.703	2289.197	3509.346	3485.246	2280.669	3466.113	2264.276	3521.633	2256.9	2325.235	2214.73	2249.788	2152.943	3485.531	3453.663	2354.337	2274.983	2289.163	2224.013	3523.972	2225.635	2329.083	3490.766	3514.572	2259.574	3511.061	2311.688	3502.043	2288.621	3489.016	3487.416	2287.89	3522.967	2305.167	3488.414	2220.078	3495.741	2322.094	3500.927	3503.898	3476.168	2338.097	2274.914	2318.709	3500.452	2285.877	3496.003	3475.469	2353.816	3513.647	2291.621	2199.352	2237.937	2290.991	
SHH_INV_models46024.py	3019.795	611.662	576.264	3052.82	2999.467	3078.721	0.0	428.117	785.242	594.601	3010.404	467.727	559.072	511.054	564.958	3086.875	788.296	3075.572	918.334	3091.027	954.164	3025.832	3022.585	3124.025	3002.032	872.128	3149.051	754.309	798.822	839.633	3177.247	3106.146	2967.926	1152.631	1202.955	1169.2	3207.289	3329.739	3484.636	3472.595	2133.186	3462.143	2217.6	3480.306	3480.395	3477.73	2219.454	3460.533	2149.252	3442.09	3496.679	2277.919	2234.776	3472.506	3460.852	3450.769	3468.572	3460.681	3493.914	2218.867	3470.453	2161.437	3472.308	2209.326	2152.114	3473.298	3450.758	2259.588	3475.896	2237.613	3454.977	3488.861	2144.689	3492.218	2208.016	3477.066	3461.193	3462.368	2111.696	2207.767	2154.656	3458.694	3482.488	3478.841	2241.628	3488.94	2167.898	2236.241	2201.104	2272.954	2239.312	2216.557	3450.317	3456.587	3451.884	2288.282	2187.42	2180.196	2229.657	3474.036	3488.818	2102.296	2276.301	3471.678	2290.569	3469.675	3518.204	2213.243	3448.631	2204.455	2273.326	2227.135	2176.265	3475.606	2242.606	2229.767	3476.913	2238.137	2264.769	2265.95	2244.504	2152.024	3479.745	3451.856	3441.684	2237.754	3477.398	3463.441	2243.558	2285.894	3469.657	2224.145	3468.35	2214.009	2221.105	2262.824	2261.58	2172.249	3471.27	3490.891	3473.608	3465.113	2170.622	3454.66	2181.513	3454.34	3469.975	3479.008	2235.594	2297.159	3447.773	2262.301	3445.993	2183.033	3486.827	3461.969	3512.524	3477.797	3491.771	2284.975	2287.731	3461.727	3451.832	3464.008	3463.538	2258.592	3481.403	3492.393	2249.93	2214.448	3464.702	2280.704	3440.096	2202.193	3470.68	2134.796	2269.395	3491.328	2233.848	3494.859	2255.933	3456.523	2236.462	3481.937	2270.5	2171.485	2271.236	3466.016	3445.02	3454.083	2262.285	3452.729	2291.553	2259.806	3480.673	2173.964	3504.222	3507.061	3453.383	3452.465	
SHH_INV_models38317.py	3003.907	515.497	503.578	3028.381	3003.31	3077.895	428.117	0.0	687.691	574.606	3005.674	484.648	603.288	527.191	561.994	3089.497	726.416	3055.468	1017.245	3093.707	1012.243	3013.182	2981.189	3109.271	2990.159	829.428	3146.854	711.36	622.368	836.648	3180.819	3124.968	2937.699	1178.674	1213.926	1200.838	3230.549	3351.654	3444.011	3457.397	2118.195	3436.447	2181.626	3449.124	3458.983	3456.216	2191.095	3427.125	2135.859	3415.935	3479.607	2253.673	2219.965	3446.732	3433.066	3425.382	3453.347	3433.429	3458.885	2218.157	3443.829	2150.323	3438.407	2166.1	2134.132	3439.986	3423.755	2232.973	3443.166	2186.304	3424.018	3461.602	2137.211	3456.262	2193.859	3445.174	3437.437	3447.265	2062.971	2203.757	2113.458	3431.676	3439.704	3434.273	2211.56	3451.329	2149.032	2202.909	2191.306	2248.189	2238.017	2185.592	3420.227	3438.202	3434.759	2267.48	2156.821	2167.138	2214.513	3437.32	3460.464	2073.79	2262.145	3440.68	2278.706	3441.254	3488.846	2173.008	3426.983	2207.456	2236.033	2202.939	2166.818	3440.01	2194.564	2210.919	3454.194	2231.416	2267.075	2256.891	2209.722	2143.078	3456.865	3415.455	3428.65	2240.572	3448.383	3428.97	2229.921	2249.806	3433.119	2216.296	3442.428	2207.516	2170.628	2260.945	2247.837	2158.319	3432.203	3451.468	3462.948	3431.196	2149.69	3435.106	2144.008	3424.637	3454.964	3447.721	2226.893	2281.002	3415.83	2238.658	3412.71	2174.491	3457.961	3434.38	3468.893	3441.662	3455.015	2274.311	2257.809	3435.31	3421.903	3435.433	3427.828	2242.045	3445.109	3455.39	2217.917	2167.415	3427.391	2273.882	3412.863	2165.99	3440.3	2121.753	2262.225	3458.4	2205.337	3454.411	2236.637	3424.26	2217.032	3449.936	2262.802	2158.906	2247.096	3433.806	3414.346	3421.494	2277.062	3426.635	2274.952	2247.617	3455.69	2143.811	3463.62	3478.176	3417.672	3441.06	
SHH_INV_models4783.py	3085.813	439.32	434.047	3073.103	3084.177	3171.736	785.242	687.691	0.0	471.295	3115.9	624.247	779.205	612.657	712.199	3215.596	314.538	3195.493	1097.443	3212.791	944.176	3145.64	3032.53	3190.694	3100.803	372.385	3288.665	558.812	528.924	637.151	3314.252	3265.125	2976.329	1075.703	1047.686	883.051	3397.338	3557.224	3559.44	3578.832	2212.465	3571.009	2273.909	3567.855	3577.255	3580.848	2302.863	3537.598	2282.554	3549.311	3610.16	2358.994	2305.484	3577.583	3551.114	3547.276	3597.987	3559.934	3563.454	2323.882	3565.171	2260.839	3563.94	2260.816	2214.009	3570.408	3564.416	2317.368	3581.828	2280.191	3548.661	3594.271	2272.386	3584.95	2309.44	3564.263	3559.954	3572.257	2141.427	2351.877	2176.781	3559.972	3558.107	3544.25	2273.011	3577.068	2251.113	2271.576	2280.265	2319.952	2351.536	2285.635	3546.778	3560.179	3561.388	2354.476	2262.13	2303.226	2281.755	3578.639	3581.765	2174.504	2367.669	3564.056	2355.26	3596.805	3601.328	2272.235	3543.819	2340.07	2305.767	2294.632	2291.013	3550.88	2300.428	2274.979	3587.306	2358.811	2381.842	2350.364	2305.971	2243.112	3598.892	3518.018	3548.832	2338.844	3572.63	3558.539	2333.575	2354.092	3545.364	2359.812	3563.478	2294.38	2275.649	2355.504	2326.112	2262.672	3539.262	3556.516	3592.747	3563.365	2227.531	3556.97	2206.063	3531.675	3605.753	3563.588	2305.612	2335.092	3532.123	2358.071	3539.963	2249.176	3582.605	3549.044	3575.607	3572.397	3587.943	2363.029	2365.694	3546.156	3544.818	3571.022	3535.834	2316.268	3542.915	3567.446	2318.62	2271.716	3556.084	2373.254	3541.055	2219.439	3565.531	2241.409	2336.786	3606.784	2283.687	3565.985	2304.504	3553.737	2269.585	3563.246	2337.87	2267.259	2345.953	3553.37	3521.973	3536.17	2371.415	3552.466	2346.899	2348.43	3585.026	2240.042	3595.349	3568.792	3533.416	3570.528	
SHH_INV_models17285.py	3011.19	493.393	345.433	3020.088	3000.166	3120.23	594.601	574.606	471.295	0.0	3036.361	609.794	773.641	325.067	771.188	3144.843	502.969	3114.958	1134.637	3162.471	1028.615	3068.127	2992.892	3131.245	3032.067	611.608	3213.203	403.637	486.914	781.96	3254.231	3181.704	2928.238	1164.399	1107.314	1030.049	3309.541	3449.088	3557.653	3564.329	2228.909	3551.333	2299.308	3555.807	3562.647	3560.004	2285.605	3533.703	2260.314	3525.329	3599.745	2387.571	2333.677	3560.444	3551.396	3536.763	3565.543	3553.8	3549.553	2321.748	3550.771	2239.262	3553.232	2248.997	2202.395	3562.423	3523.479	2340.082	3560.009	2323.742	3537.162	3569.956	2272.772	3560.605	2291.615	3554.691	3544.431	3560.337	2147.643	2313.058	2187.894	3547.467	3548.704	3544.018	2291.635	3561.732	2206.559	2277.966	2295.705	2344.094	2354.877	2302.183	3539.632	3534.04	3538.507	2354.496	2267.412	2252.129	2293.435	3554.016	3575.02	2156.784	2380.713	3543.942	2370.147	3569.96	3604.638	2277.768	3531.497	2343.651	2338.448	2325.718	2256.761	3541.527	2296.445	2300.465	3555.704	2340.155	2377.168	2365.901	2313.178	2239.393	3561.64	3514.661	3527.506	2332.069	3552.924	3552.299	2338.25	2374.064	3531.665	2360.04	3539.115	2304.243	2291.497	2344.06	2345.717	2279.464	3545.493	3552.708	3565.877	3545.257	2247.438	3532.18	2221.673	3517.541	3566.616	3545.473	2327.91	2358.331	3523.518	2353.456	3527.886	2246.434	3561.629	3536.716	3580.298	3553.755	3574.539	2368.422	2386.117	3539.76	3526.389	3544.078	3528.535	2332.784	3537.355	3564.19	2331.765	2273.156	3533.694	2391.036	3527.596	2237.119	3551.9	2228.595	2349.978	3570.443	2294.894	3565.571	2312.066	3533.994	2284.957	3543.653	2356.904	2266.578	2373.037	3543.928	3514.439	3523.983	2354.925	3532.088	2347.954	2356.902	3564.179	2239.787	3579.573	3563.166	3531.154	3557.346	
SHH_INV_models47949.py	498.404	3054.954	3057.273	626.007	402.299	797.961	3010.404	3005.674	3115.9	3036.361	0.0	2981.062	2995.196	3030.225	3097.73	641.33	3103.018	495.945	3144.186	783.284	3200.21	544.953	664.225	762.067	538.084	3110.939	829.709	3039.172	3039.836	3156.91	1015.558	800.644	985.448	3240.834	3286.71	3313.73	1035.266	1195.916	2335.312	2339.208	3558.09	2322.673	3546.37	2292.584	2282.991	2239.2	3532.948	2285.941	3508.315	2302.822	2274.845	3544.835	3563.544	2333.669	2341.795	2338.535	2240.969	2326.375	2329.409	3525.601	2277.474	3552.988	2248.274	3545.127	3548.934	2373.772	2230.346	3549.063	2283.932	3523.031	2354.803	2214.333	3541.218	2255.945	3528.474	2352.535	2234.868	2269.295	3564.182	3515.594	3555.282	2373.029	2344.504	2288.151	3564.445	2231.422	3544.347	3580.925	3537.227	3541.228	3511.989	3538.819	2319.023	2330.097	2230.263	3535.581	3563.423	3543.768	3564.631	2230.795	2317.591	3556.699	3537.377	2371.257	3529.206	2254.139	2193.822	3529.742	2298.927	3528.672	3570.516	3560.065	3535.297	2313.058	3574.501	3553.731	2328.527	3527.799	3540.784	3531.556	3513.587	3537.942	2238.762	2318.921	2325.82	3569.161	2284.833	2357.894	3544.535	3521.199	2349.484	3520.24	2278.359	3548.3	3536.577	3527.759	3539.537	3545.3	2332.071	2333.913	2281.399	2361.695	3556.875	2315.313	3567.026	2362.68	2342.137	2223.773	3554.575	3541.56	2332.545	3516.006	2258.636	3569.641	2181.595	2351.834	2349.53	2290.473	2207.582	3533.018	3531.704	2382.04	2342.297	2229.806	2262.686	3586.722	2294.58	2373.48	3557.739	3542.073	2273.155	3559.812	2359.809	3578.229	2320.409	3543.833	3539.999	2198.821	3590.379	2380.549	3534.529	2282.774	3549.654	2240.616	3548.502	3537.794	3524.008	2336.779	2340.877	2337.773	3545.658	2364.709	3543.911	3523.142	2368.662	3556.877	2365.779	2297.681	2317.956	2273.321	
SHH_INV_models9775.py	2983.867	439.668	520.178	2993.73	2965.869	3048.589	467.727	484.648	624.247	609.794	2981.062	0.0	458.812	586.511	493.162	3063.346	653.445	3052.309	870.016	3071.748	817.193	2998.882	2963.879	3076.841	2984.183	666.004	3143.182	692.628	738.157	678.282	3164.133	3103.03	2946.423	1100.466	1096.969	1011.269	3211.502	3349.279	3472.986	3476.427	2178.857	3462.14	2258.981	3466.521	3488.573	3470.84	2297.724	3445.041	2220.656	3450.192	3501.37	2333.135	2276.411	3476.745	3453.212	3445.741	3471.919	3452.399	3473.074	2300.136	3469.673	2237.898	3468.148	2256.509	2210.873	3466.418	3457.835	2307.208	3463.387	2263.155	3445.247	3483.203	2208.541	3486.036	2276.861	3487.291	3466.71	3463.853	2154.112	2309.377	2200.694	3449.408	3468.601	3467.896	2286.056	3480.078	2243.138	2290.768	2256.767	2312.882	2298.933	2271.875	3450.225	3461.138	3461.295	2338.67	2251.635	2265.077	2276.496	3467.007	3491.237	2175.94	2339.594	3472.76	2349.217	3486.787	3504.548	2272.687	3453.635	2265.202	2314.26	2266.212	2270.326	3462.085	2300.539	2277.377	3494.084	2322.52	2342.245	2318.558	2294.61	2222.656	3478.31	3438.923	3461.868	2324.378	3467.663	3463.644	2319.865	2327.951	3454.821	2301.219	3467.221	2249.192	2262.166	2336.426	2314.457	2221.048	3460.035	3476.747	3484.25	3465.773	2221.837	3465.524	2205.49	3450.406	3482.315	3463.932	2291.532	2353.961	3443.57	2324.418	3442.691	2262.524	3484.679	3464.809	3515.854	3486.935	3489.521	2351.176	2336.932	3454.527	3460.034	3458.956	3459.758	2324.231	3480.666	3483.141	2290.736	2260.846	3467.196	2342.853	3444.064	2234.751	3476.546	2197.681	2323.636	3492.848	2295.568	3483.618	2312.06	3466.257	2298.385	3471.247	2325.098	2228.833	2317.107	3464.586	3438.73	3452.764	2350.903	3464.733	2362.705	2325.106	3487.159	2234.938	3501.963	3511.98	3451.234	3462.067	
SHH_INV_models9343.py	3009.756	629.45	690.67	3023.572	2987.51	3064.144	559.072	603.288	779.205	773.641	2995.196	458.812	0.0	708.746	466.255	3064.612	777.146	3052.646	797.229	3061.476	915.265	3012.923	2999.191	3114.729	2974.378	844.877	3127.32	884.001	873.805	881.914	3147.398	3087.93	2952.061	1132.007	1244.682	1136.795	3182.775	3306.68	3459.966	3448.668	2152.899	3441.456	2218.844	3451.712	3458.245	3450.761	2248.51	3433.645	2172.089	3427.998	3466.272	2256.029	2235.21	3456.162	3433.719	3424.899	3453.32	3429.93	3462.882	2221.007	3440.718	2185.503	3447.807	2222.556	2183.67	3445.764	3442.555	2258.876	3451.215	2199.506	3433.063	3467.04	2141.4	3465.341	2223.043	3474.179	3441.531	3439.034	2126.274	2240.919	2167.067	3425.557	3456.585	3445.926	2258.153	3463.958	2220.902	2262.641	2167.575	2265.142	2235.665	2209.794	3426.065	3432.316	3429.999	2281.48	2196.348	2236.692	2241.301	3459.294	3467.385	2140.356	2277.998	3454.348	2288.015	3469.538	3489.12	2221.921	3424.621	2207.231	2283.822	2228.106	2223.818	3442.105	2262.183	2226.494	3461.538	2266.673	2280.58	2256.918	2246.688	2171.294	3462.463	3430.448	3437.641	2267.762	3459.355	3446.124	2267.54	2275.871	3444.84	2225.782	3444.367	2215.695	2223.823	2259.417	2265.196	2162.725	3454.217	3455.738	3447.611	3436.878	2153.929	3451.315	2197.608	3439.187	3462.9	3449.138	2211.371	2289.235	3422.873	2283.441	3427.213	2222.821	3457.424	3436.213	3505.259	3455.985	3471.33	2298.346	2306.907	3439.705	3435.329	3442.282	3446.739	2277.842	3462.237	3457.702	2263.96	2228.396	3450.003	2292.766	3417.132	2221.074	3452.762	2147.549	2252.387	3467.348	2240.574	3455.997	2265.952	3444.977	2265.469	3446.19	2273.255	2174.578	2256.723	3434.605	3421.358	3428.292	2299.5	3444.963	2315.752	2274.173	3453.804	2219.763	3470.111	3489.288	3432.102	3430.365	
SHH_INV_models44527.py	3013.777	501.606	359.701	3028.139	2999.906	3126.983	511.054	527.191	612.657	325.067	3030.225	586.511	708.746	0.0	752.204	3133.122	570.759	3101.815	1089.923	3150.546	1035.463	3056.437	2998.087	3135.622	3030.142	698.003	3196.654	510.984	535.582	802.797	3240.685	3173.532	2928.284	1127.042	1160.264	1084.491	3280.901	3405.136	3568.637	3569.892	2232.222	3555.324	2305.144	3566.424	3576.543	3567.692	2283.575	3542.093	2247.657	3529.525	3607.952	2373.96	2325.278	3563.633	3558.126	3541.613	3565.002	3553.639	3563.366	2317.909	3558.316	2232.555	3552.349	2247.552	2205.859	3567.862	3523.473	2337.061	3563.644	2328.15	3545.373	3569.811	2253.336	3564.55	2282.732	3565.407	3550.436	3565.398	2157.631	2296.679	2204.765	3553.408	3559.418	3556.246	2306.761	3568.643	2211.055	2298.222	2292.887	2355.735	2351.953	2290.756	3544.381	3534.666	3543.508	2362.282	2252.02	2245.954	2289.023	3556.456	3586.205	2166.428	2370.133	3552.167	2376.255	3567.583	3618.042	2270.987	3535.765	2337.128	2340.803	2312.179	2248.397	3549.832	2290.91	2301.041	3559.336	2338.182	2361.543	2359.596	2318.21	2244.873	3564.004	3528.836	3537.597	2323.754	3550.424	3559.407	2328.407	2371.304	3539.611	2343.871	3543.996	2315.403	2287.218	2351.846	2342.69	2255.054	3554.567	3566.78	3569.067	3548.83	2234.379	3539.396	2240.063	3529.43	3563.827	3544.313	2323.241	2360.904	3536.35	2337.939	3532.731	2238.917	3562.811	3544.322	3592.606	3560.415	3580.862	2359.355	2383.635	3549.232	3539.232	3543.551	3542.367	2332.636	3550.474	3574.702	2338.462	2257.492	3537.75	2377.067	3531.486	2253.197	3553.984	2226.125	2356.022	3566.226	2287.05	3576.165	2320.952	3539.913	2290.337	3545.198	2353.116	2246.644	2369.019	3549.904	3525.952	3527.433	2347.792	3540.06	2350.04	2350.508	3565.436	2232.698	3587.922	3578.796	3541.126	3558.784	
SHH_INV_models27324.py	3112.718	578.461	644.578	3116.233	3098.192	3129.323	564.958	561.994	712.199	771.188	3097.73	493.162	466.255	752.204	0.0	3164.919	778.698	3164.692	727.826	3153.147	778.173	3120.546	3086.67	3195.608	3082.772	779.006	3242.174	886.097	865.308	693.113	3244.36	3196.991	3059.515	1032.236	1098.359	1007.929	3286.973	3429.273	3405.161	3399.285	2036.321	3399.771	2122.739	3410.101	3413.254	3414.573	2178.359	3388.792	2098.316	3385.274	3425.617	2191.57	2137.804	3410.064	3383.576	3381.996	3420.381	3390.675	3412.059	2152.722	3404.582	2137.217	3418.875	2142.967	2107.111	3392.722	3412.01	2171.609	3413.834	2129.334	3386.782	3442.613	2076.725	3441.721	2146.561	3407.969	3404.612	3394.926	2044.57	2179.569	2085.539	3392.621	3409.667	3405.111	2148.709	3434.66	2159.869	2171.617	2111.51	2199.545	2161.804	2139.655	3393.046	3398.0	3396.819	2221.618	2147.903	2172.397	2178.415	3424.916	3412.247	2050.176	2194.953	3414.422	2213.568	3418.932	3437.878	2162.941	3394.045	2117.421	2188.427	2124.476	2172.509	3403.396	2215.241	2137.132	3421.931	2203.001	2204.29	2212.512	2161.364	2108.992	3430.269	3378.009	3392.061	2190.567	3409.587	3404.529	2188.825	2200.992	3403.869	2167.732	3407.57	2110.732	2137.225	2204.012	2175.357	2105.453	3386.774	3419.347	3424.526	3402.542	2106.088	3399.884	2117.934	3378.706	3420.432	3423.725	2170.651	2212.619	3377.263	2213.631	3390.355	2150.264	3439.221	3405.788	3444.425	3427.087	3422.253	2233.375	2201.885	3398.936	3389.224	3419.24	3404.458	2183.484	3414.043	3417.576	2168.798	2169.997	3421.367	2203.686	3380.668	2110.532	3405.859	2094.474	2175.84	3445.929	2198.86	3411.766	2190.531	3395.916	2176.389	3421.175	2179.924	2125.732	2179.738	3399.913	3369.53	3397.219	2225.119	3392.358	2230.918	2194.509	3422.259	2117.38	3426.753	3436.767	3382.289	3392.602	
SHH_INV_models48063.py	645.339	3148.94	3170.915	736.667	777.804	511.084	3086.875	3089.497	3215.596	3144.843	641.33	3063.346	3064.612	3133.122	3164.919	0.0	3224.476	600.384	3146.48	410.148	3216.488	624.2	868.642	709.622	569.094	3215.864	444.714	3128.51	3134.545	3219.884	577.776	420.865	1157.22	3200.227	3282.636	3353.498	689.848	912.834	2319.918	2348.591	3575.32	2331.349	3554.204	2324.979	2254.598	2300.317	3553.967	2314.036	3519.666	2297.844	2264.389	3559.215	3585.6	2331.108	2326.984	2357.898	2302.188	2366.863	2372.998	3542.627	2296.04	3590.655	2295.384	3564.99	3576.394	2376.293	2292.652	3574.005	2316.831	3535.506	2382.3	2287.901	3562.986	2327.978	3542.902	2307.66	2243.376	2303.327	3587.758	3524.581	3573.865	2392.166	2350.395	2277.898	3566.756	2248.067	3567.196	3585.394	3548.323	3563.87	3535.998	3561.859	2342.677	2364.08	2273.741	3552.525	3600.317	3554.907	3604.319	2281.343	2290.384	3581.919	3562.401	2372.481	3551.733	2250.39	2211.37	3572.826	2305.728	3533.573	3591.892	3572.895	3561.498	2309.067	3599.452	3584.215	2321.818	3533.078	3554.1	3558.029	3540.712	3561.71	2307.78	2334.139	2311.728	3588.784	2356.339	2327.804	3567.418	3537.809	2372.258	3542.848	2331.943	3559.21	3566.922	3540.22	3567.727	3577.246	2321.338	2317.412	2316.746	2339.67	3578.068	2317.388	3593.675	2365.563	2352.691	2315.138	3579.398	3567.883	2327.231	3542.266	2302.742	3601.263	2261.958	2345.809	2286.448	2261.828	2208.591	3562.534	3540.58	2390.535	2330.146	2305.016	2269.991	3608.367	2284.692	2354.355	3570.594	3596.841	2285.048	3582.868	2359.159	3588.212	2328.74	3563.359	3556.719	2282.23	3607.937	2353.653	3566.402	2278.124	3583.41	2341.564	3576.931	3582.225	3547.985	2371.48	2334.341	2348.46	3580.398	2337.075	3576.248	3553.73	2353.811	3599.965	2333.335	2256.933	2304.164	2321.015	
SHH_INV_models32989.py	3082.669	507.587	450.383	3074.605	3066.147	3191.883	788.296	726.416	314.538	502.969	3103.018	653.445	777.146	570.759	778.698	3224.476	0.0	3193.594	1141.718	3222.311	1010.58	3142.42	3026.452	3199.316	3106.779	406.27	3302.907	591.42	593.767	703.413	3332.988	3275.442	2960.877	1118.656	1125.091	912.279	3401.936	3556.273	3590.033	3608.197	2251.648	3602.136	2317.83	3599.13	3610.155	3600.776	2327.424	3560.657	2312.421	3579.461	3640.429	2380.74	2323.783	3603.728	3580.892	3571.129	3616.822	3584.002	3591.948	2345.364	3591.392	2270.623	3585.117	2283.103	2235.811	3600.935	3585.277	2343.364	3606.911	2310.68	3576.747	3613.436	2290.79	3601.518	2330.629	3598.475	3589.283	3593.741	2180.593	2375.84	2222.753	3587.059	3588.509	3574.137	2312.325	3601.174	2270.34	2310.683	2306.901	2354.356	2374.7	2303.66	3568.465	3585.652	3584.077	2380.301	2269.512	2315.754	2284.151	3599.449	3614.568	2217.796	2387.441	3597.039	2374.594	3628.83	3625.668	2289.128	3567.188	2379.839	2333.373	2324.421	2302.054	3577.282	2307.49	2296.142	3615.859	2384.09	2402.738	2362.151	2329.877	2270.097	3617.822	3546.646	3579.881	2356.948	3594.194	3586.668	2353.809	2385.784	3569.88	2377.019	3588.411	2337.893	2299.842	2382.393	2352.898	2271.58	3567.168	3587.093	3617.11	3594.157	2239.364	3585.606	2228.408	3563.928	3635.211	3573.335	2316.858	2362.996	3563.995	2377.032	3563.414	2264.021	3597.758	3571.939	3615.231	3604.299	3615.886	2375.115	2400.433	3574.796	3574.815	3583.332	3565.607	2351.564	3570.069	3601.028	2355.995	2278.147	3577.434	2403.275	3568.966	2263.029	3589.351	2258.31	2367.072	3623.704	2291.809	3600.69	2329.682	3580.842	2293.249	3574.859	2354.716	2271.95	2376.284	3574.577	3551.833	3558.519	2384.408	3585.467	2367.131	2368.418	3612.279	2268.574	3631.731	3602.856	3566.56	3591.724	
SHH_INV_models12294.py	533.242	3132.419	3148.374	664.289	605.734	759.264	3075.572	3055.468	3195.493	3114.958	495.945	3052.309	3052.646	3101.815	3164.692	600.384	3193.594	0.0	3210.928	720.214	3274.744	485.296	705.629	774.526	523.306	3210.267	634.68	3106.056	3085.892	3252.648	856.356	663.461	990.309	3293.216	3353.441	3409.426	979.862	1001.39	2311.579	2329.746	3577.896	2294.947	3562.985	2265.351	2275.409	2215.93	3559.56	2266.399	3528.427	2299.415	2243.587	3552.046	3585.079	2316.452	2311.535	2320.925	2227.809	2309.22	2317.8	3555.061	2264.335	3569.703	2237.714	3572.146	3579.415	2348.603	2221.291	3569.644	2242.172	3529.104	2339.246	2204.994	3557.124	2231.287	3555.172	2336.012	2214.285	2274.497	3582.945	3542.968	3574.1	2343.472	2325.859	2249.015	3590.576	2192.027	3582.886	3600.89	3550.784	3554.232	3538.011	3563.063	2288.916	2338.578	2235.154	3558.603	3579.052	3575.574	3590.491	2194.705	2306.519	3586.118	3562.913	2340.551	3563.311	2231.493	2171.006	3551.995	2286.486	3547.888	3592.556	3583.61	3561.825	2294.609	3589.86	3586.149	2327.304	3544.691	3564.18	3548.001	3540.103	3554.858	2243.768	2314.593	2324.155	3604.185	2281.041	2330.372	3572.552	3534.954	2338.658	3530.954	2294.421	3564.223	3548.562	3551.4	3573.696	3564.932	2328.421	2299.229	2279.767	2327.802	3575.222	2318.017	3588.148	2380.15	2332.63	2227.724	3570.035	3572.81	2314.543	3539.111	2242.668	3608.33	2161.234	2335.961	2318.037	2253.36	2175.743	3562.954	3549.279	2370.517	2317.516	2208.938	2261.035	3605.122	2295.006	2345.216	3571.282	3559.969	2255.97	3584.818	2333.117	3607.061	2315.125	3555.48	3566.114	2186.761	3605.632	2344.737	3565.337	2276.195	3588.432	2244.201	3585.305	3557.717	3539.237	2322.811	2343.083	2321.326	3586.022	2353.644	3583.946	3558.859	2350.248	3589.714	2321.858	2301.388	2291.816	2276.267	
SHH_INV_models35185.py	3160.331	1045.596	1048.634	3146.749	3144.803	3146.168	918.334	1017.245	1097.443	1134.637	3144.186	870.016	797.229	1089.923	727.826	3146.48	1141.718	3210.928	0.0	3115.513	533.63	3181.708	3161.074	3231.186	3122.27	1126.63	3234.907	1226.126	1269.85	762.745	3197.586	3177.884	3115.814	730.747	884.887	918.036	3236.592	3392.173	3523.705	3483.802	2264.97	3507.322	2303.6	3512.757	3514.114	3523.554	2396.526	3504.616	2316.199	3481.654	3515.907	2379.955	2359.061	3501.197	3501.494	3472.952	3510.938	3479.063	3515.029	2328.432	3507.408	2376.303	3526.171	2401.184	2348.615	3477.799	3520.246	2359.98	3529.429	2343.378	3489.581	3530.548	2260.351	3558.059	2376.215	3514.079	3504.934	3494.275	2305.37	2383.133	2305.082	3499.336	3533.449	3522.254	2357.414	3543.187	2424.578	2391.562	2275.833	2409.124	2341.819	2348.813	3509.907	3471.436	3497.62	2426.561	2395.931	2415.496	2430.527	3540.973	3522.141	2264.306	2371.63	3518.306	2400.578	3505.132	3556.751	2403.988	3487.09	2263.595	2412.556	2290.55	2430.164	3509.212	2483.404	2304.16	3510.227	2418.997	2379.403	2420.236	2369.673	2320.646	3535.691	3496.428	3473.933	2335.588	3487.462	3515.67	2363.416	2413.674	3510.776	2380.732	3468.64	2278.714	2393.307	2408.964	2347.92	2305.33	3495.242	3538.357	3511.526	3511.561	2329.429	3496.666	2394.243	3475.056	3495.639	3537.684	2364.119	2391.408	3482.955	2415.947	3506.112	2356.154	3550.549	3510.015	3555.276	3545.925	3543.605	2420.359	2411.406	3485.77	3505.231	3541.886	3516.086	2358.558	3514.929	3521.874	2364.308	2413.355	3532.304	2314.764	3496.338	2322.493	3511.549	2322.512	2328.152	3541.795	2441.064	3510.511	2371.433	3498.756	2386.258	3511.05	2351.288	2352.844	2340.346	3508.271	3480.168	3508.996	2403.748	3484.663	2420.072	2383.119	3491.329	2322.505	3528.341	3532.302	3489.984	3483.658	
