0,0,0.0
0,1,2098.24330097
0,2,3913.36468932
0,3,3938.51056311
0,4,5420.93494175
0,5,6529.56876699
0,6,7147.44170874
0,7,7177.48009709
0,8,8429.86495146
0,9,9090.324
0,10,9916.11116505
0,11,11216.7523107
0,12,11470.916068
0,13,11226.6314854
0,14,12182.1953204
0,15,14354.7818835
0,16,12959.558835
0,17,12077.3254369
0,18,12248.0142718
0,19,12775.1081456
0,20,11688.6630583
0,21,11705.121767
0,22,11968.9603883
0,23,11472.3030485
0,24,10817.2567573
0,25,11311.089
0,26,12166.813534
0,27,11716.2889612
0,28,11988.288165
0,29,12357.5347282
0,30,11166.8377087
0,31,9903.64328155
0,32,10696.8240874
0,33,11848.8885049
0,34,12290.8423883
0,35,13041.4962816
0,36,10844.5508835
0,37,9310.81959223
0,38,8961.02237864
0,39,8588.86228155
0,40,9049.23887379
0,41,9412.98757282
0,42,8867.88182524
0,43,8263.40885437
0,44,9186.15273786
0,45,8278.57116505
0,46,8393.88345631
0,47,8775.24933981
0,48,9209.62936893
0,49,8538.05332039
0,50,9700.81513592
0,51,10285.1274951
0,52,11151.5843107
0,53,11161.1262913
0,54,10792.7230971
0,55,10565.1722039
0,56,11805.8121262
0,57,12424.7123301
0,58,10973.7250097
0,59,11175.9413981
0,60,10499.4801359
0,61,9894.27107767
0,62,9083.95974757
0,63,8659.48765049
0,64,8009.07313592
0,65,9271.45553398
0,66,9134.53120388
0,67,8148.00807767
0,68,9078.73215534
0,69,8961.01314563
0,70,9371.26829126
1,0,2098.24330097
1,1,0.0
1,2,1909.73256311
1,3,2833.87135922
1,4,4075.98470874
1,5,4681.07636893
1,6,5667.85787379
1,7,5998.68949515
1,8,6491.93367961
1,9,7216.16451456
1,10,8027.044
1,11,9460.51615534
1,12,9560.75323301
1,13,9275.20636893
1,14,10355.7374854
1,15,12708.6204272
1,16,11259.7367184
1,17,10407.1938252
1,18,10667.1696602
1,19,11048.9043981
1,20,9786.5715534
1,21,9879.92112621
1,22,10150.2619806
1,23,9702.66898058
1,24,9019.62460194
1,25,9490.60053398
1,26,10483.5667184
1,27,9895.07292233
1,28,10160.2941262
1,29,10473.4462913
1,30,9257.45442718
1,31,7963.75315534
1,32,8731.47
1,33,9961.82872816
1,34,10486.9548155
1,35,11240.9901845
1,36,8847.67626214
1,37,7268.05059223
1,38,6892.22304854
1,39,6500.33287379
1,40,7028.07920388
1,41,7470.23600971
1,42,6842.04261165
1,43,6182.74682524
1,44,7221.84082524
1,45,6321.06767961
1,46,6497.90107767
1,47,7096.52465049
1,48,7597.32178641
1,49,6886.74601942
1,50,8086.2121068
1,51,8620.05554369
1,52,9382.44201942
1,53,9232.39790291
1,54,8921.69916505
1,55,8820.58020388
1,56,10109.5643883
1,57,10702.8306505
1,58,9077.84128155
1,59,9419.46236893
1,60,8870.42368932
1,61,8327.43471845
1,62,7673.60974757
1,63,7404.28290291
1,64,6510.55802913
1,65,7666.42997087
1,66,7604.96624272
1,67,6666.803
1,68,7711.24209709
1,69,7411.89473786
1,70,7889.99785437
2,0,3913.36468932
2,1,1909.73256311
2,2,0.0
2,3,2318.89608738
2,4,2958.97608738
2,5,3125.99696117
2,6,4837.11038835
2,7,5487.43526214
2,8,5169.38182524
2,9,6007.87691262
2,10,6715.69929126
2,11,8163.63233981
2,12,8078.06335922
2,13,7578.46578641
2,14,8715.24731068
2,15,11151.0186505
2,16,9774.29740777
2,17,9104.13261165
2,18,9270.52035922
2,19,9528.08817476
2,20,8180.35419417
2,21,8297.85385437
2,22,8704.88797087
2,23,8422.26501942
2,24,7603.15917476
2,25,7909.90012621
2,26,9051.47492233
2,27,8355.05940777
2,28,8529.61275728
2,29,8752.12412621
2,30,7566.71516505
2,31,6209.09316505
2,32,7114.9026699
2,33,8441.90043689
2,34,9033.79293204
2,35,9869.94900971
2,36,7251.76937864
2,37,5750.7047767
2,38,5302.79893204
2,39,4898.26354369
2,40,5702.38679612
2,41,6328.91603883
2,42,5501.5983301
2,43,4412.47028155
2,44,5452.06076699
2,45,4496.72975728
2,46,4720.20621359
2,47,5405.1797767
2,48,5964.08034951
2,49,5301.94054369
2,50,6434.36402913
2,51,6876.43224272
2,52,7612.16004854
2,53,7434.98306796
2,54,7095.63942718
2,55,7050.89702913
2,56,8367.30716505
2,57,8972.76491262
2,58,7274.42737864
2,59,7675.50128155
2,60,7202.21331068
2,61,6734.56284466
2,62,6235.40401942
2,63,6169.47345631
2,64,5027.31502913
2,65,6082.95860194
2,66,6037.06996117
2,67,5154.76703883
2,68,6328.94019417
2,69,5877.27003883
2,70,6349.70627184
3,0,3938.51056311
3,1,2833.87135922
3,2,2318.89608738
3,3,0.0
3,4,1719.24619417
3,5,3687.87502913
3,6,5397.59734951
3,7,5757.69469903
3,8,6561.25142718
3,9,7382.21129126
3,10,7871.14275728
3,11,9072.8455534
3,12,9249.49295146
3,13,8600.53449515
3,14,9532.33366019
3,15,11792.6181068
3,16,10545.124932
3,17,9918.99232039
3,18,9817.45182524
3,19,10275.9722913
3,20,9183.1508932
3,21,9089.18868932
3,22,9693.96025243
3,23,9419.63340777
3,24,8349.39199029
3,25,8649.27328155
3,26,9727.01599029
3,27,9176.77191262
3,28,9280.22957282
3,29,9562.93258252
3,30,8424.5688835
3,31,7006.92727184
3,32,8202.67860194
3,33,9506.02182524
3,34,10010.4992427
3,35,11061.0825825
3,36,8511.29040777
3,37,7283.90232039
3,38,6868.1423301
3,39,6628.09320388
3,40,7656.6368932
3,41,8365.35090291
3,42,7425.64680583
3,43,5789.97056311
3,44,6396.8236699
3,45,5214.6491068
3,46,5279.39241748
3,47,5195.56803883
3,48,5672.51773786
3,49,5265.97465049
3,50,6204.76979612
3,51,6705.19448544
3,52,7845.2478932
3,53,8210.78933981
3,54,7583.00673786
3,55,7111.34339806
3,56,8383.75106796
3,57,9196.39504854
3,58,7897.19175728
3,59,7882.43068932
3,60,6997.89216505
3,61,6444.14773786
3,62,5559.64754369
3,63,5364.72040777
3,64,4418.93684466
3,65,5930.12609709
3,66,5559.86940777
3,67,4366.60220388
3,68,5669.24938835
3,69,5577.93290291
3,70,5750.07056311
4,0,5420.93494175
4,1,4075.98470874
4,2,2958.97608738
4,3,1719.24619417
4,4,0.0
4,5,2491.8845534
4,6,4432.22372816
4,7,4935.1831165
4,8,5594.19956311
4,9,6373.92033981
4,10,6682.93761165
4,11,7803.07029126
4,12,8096.05800971
4,13,7486.01675728
4,14,8369.40345631
4,15,10639.6745437
4,16,9346.28505825
4,17,8673.23021359
4,18,8545.1106699
4,19,9061.21749515
4,20,8018.80879612
4,21,7847.48913592
4,22,8476.99752427
4,23,8186.76545631
4,24,7043.96050485
4,25,7379.10478641
4,26,8435.33361165
4,27,7918.84748544
4,28,8062.70440777
4,29,8430.40230097
4,30,7219.47759223
4,31,5743.4631165
4,32,7025.9732233
4,33,8323.85707767
4,34,8793.0214466
4,35,9913.49729126
4,36,7415.99439806
4,37,6362.17865049
4,38,6046.41443689
4,39,6078.59034951
4,40,7193.43981553
4,41,7974.42153398
4,42,6926.65381553
4,43,5092.78233981
4,44,5798.45179612
4,45,4429.50921359
4,46,4599.13140777
4,47,4318.53324272
4,48,4921.00333981
4,49,4803.14537864
4,50,5442.95957282
4,51,5667.36046602
4,52,6983.45941748
4,53,7388.61157282
4,54,6506.30713592
4,55,6092.45191262
4,56,7409.55093204
4,57,8355.31243689
4,58,6924.61880583
4,59,6992.19947573
4,60,6111.02068932
4,61,5704.61770874
4,62,4952.51538835
4,63,5134.98624272
4,64,3809.97121359
4,65,5360.79609709
4,66,4810.14214563
4,67,3463.1288932
4,68,5250.44790291
4,69,5060.86365049
4,70,5009.76368932
5,0,6529.56876699
5,1,4681.07636893
5,2,3125.99696117
5,3,3687.87502913
5,4,2491.8845534
5,5,0.0
5,6,2920.46241748
5,7,3966.86318447
5,8,3126.25156311
5,9,3938.51960194
5,10,4401.39919417
5,11,5848.11376699
5,12,5999.87505825
5,13,5665.44608738
5,14,6727.64276699
5,15,9159.63585437
5,16,7682.502
5,17,6877.10780583
5,18,7032.00878641
5,19,7427.77660194
5,20,6158.31264078
5,21,6149.54503883
5,22,6538.75194175
5,23,6171.28418447
5,24,5300.02502913
5,25,5708.63535922
5,26,6786.02576699
5,27,6152.43290291
5,28,6454.25075728
5,29,6860.16231068
5,30,5486.65140777
5,31,3965.50941748
5,32,4994.76392233
5,33,6348.89081553
5,34,6874.14648544
5,35,7812.25598058
5,36,5266.76859223
5,37,3965.67403883
5,38,3786.74094175
5,39,4121.48324272
5,40,5063.46352427
5,41,5835.59087379
5,42,4763.89099029
5,43,3319.29238835
5,44,4744.16680583
5,45,3411.25023301
5,46,3919.97983495
5,47,4350.28654369
5,48,5121.1158835
5,49,4985.53602913
5,50,5544.94943689
5,51,5412.31423301
5,52,6419.78134951
5,53,6248.11145631
5,54,5407.85631068
5,55,5586.11119417
5,56,6959.66884466
5,57,7809.17591262
5,58,5796.35095146
5,59,6445.31134951
5,60,6051.15069903
5,61,5892.84671845
5,62,5675.23150485
5,63,6186.61880583
5,64,4542.49498058
5,65,5553.35956311
5,66,5220.44157282
5,67,4227.07105825
5,68,6058.11487379
5,69,5454.18879612
5,70,5543.08221359
6,0,7147.44170874
6,1,5667.85787379
6,2,4837.11038835
6,3,5397.59734951
6,4,4432.22372816
6,5,2920.46241748
6,6,0.0
6,7,1300.32449515
6,8,3235.83774757
6,9,3637.9261068
6,10,4716.55399029
6,11,6406.68646602
6,12,6900.98136893
6,13,7283.49397087
6,14,8138.10823301
6,15,10387.4355728
6,16,8682.05945631
6,17,7470.02847573
6,18,7858.41609709
6,19,8556.50907767
6,20,7459.96565049
6,21,7440.0588932
6,22,7378.11102913
6,23,6550.20184466
6,24,6131.15808738
6,25,6979.42148544
6,26,7651.05706796
6,27,7327.82559223
6,28,7960.22548544
6,29,8603.97957282
6,30,7052.46074757
6,31,5694.15903883
6,32,6272.69705825
6,33,7388.29308738
6,34,7704.63625243
6,35,8329.04571845
6,36,6466.45420388
6,37,4901.28134951
6,38,5094.24196117
6,39,5710.3106699
6,40,5800.5261068
6,41,6157.32624272
6,42,5463.45692233
6,43,5420.36017476
6,44,7276.17870874
6,45,6038.03619417
6,46,6600.33429126
6,47,7108.93113592
6,48,7885.79375728
6,49,7750.52166019
6,50,8329.9761068
6,51,8035.88376699
6,52,9069.8241068
6,53,8698.57682524
6,54,7780.06900971
6,55,8198.38295146
6,56,9505.00438835
6,57,10417.4191068
6,58,8230.20828155
6,59,9087.85523301
6,60,8751.05116505
6,61,8632.4756699
6,62,8356.9581068
6,63,8823.17697087
6,64,7224.47143689
6,65,8344.14516505
6,66,7953.55569903
6,67,6847.66579612
6,68,8783.64320388
6,69,8228.72905825
6,70,8258.12720388
7,0,7177.48009709
7,1,5998.68949515
7,2,5487.43526214
7,3,5757.69469903
7,4,4935.1831165
7,5,3966.86318447
7,6,1300.32449515
7,7,0.0
7,8,4486.04730097
7,9,4811.4567767
7,10,5892.87127184
7,11,7497.11415534
7,12,8102.26081553
7,13,8530.89190291
7,14,9313.96718447
7,15,11491.5863689
7,16,9779.32192233
7,17,8511.99633981
7,18,8863.39341748
7,19,9671.92895146
7,20,8668.27143689
7,21,8596.75326214
7,22,8518.54539806
7,23,7619.82216505
7,24,7203.86684466
7,25,8118.48390291
7,26,8702.29919417
7,27,8479.08019417
7,28,9137.05528155
7,29,9822.20283495
7,30,8260.8225534
7,31,6901.52095146
7,32,7509.34846602
7,33,8579.32714563
7,34,8836.33182524
7,35,9446.69643689
7,36,7726.2287767
7,37,6172.28842718
7,38,6351.65618447
7,39,6895.52870874
7,40,6897.83836893
7,41,7165.29829126
7,42,6568.31225243
7,43,6599.78327184
7,44,8410.03265049
7,45,7122.62518447
7,46,7640.29776699
7,47,8042.35394175
7,48,8801.49368932
7,49,8658.72493204
7,50,9289.90872816
7,51,9054.51939806
7,52,10184.811534
7,53,9909.43628155
7,54,8958.61800971
7,55,9271.86590291
7,56,10579.0877573
7,57,11549.4119417
7,58,9432.6235534
7,59,10195.6307961
7,60,9739.19724272
7,61,9566.54495146
7,62,9150.19183495
7,63,9527.2138932
7,64,8003.32543689
7,65,9275.78150485
7,66,8825.03132039
7,67,7604.82236893
7,68,9569.83666019
7,69,9110.48419417
7,70,9099.0095534
8,0,8429.86495146
8,1,6491.93367961
8,2,5169.38182524
8,3,6561.25142718
8,4,5594.19956311
8,5,3126.25156311
8,6,3235.83774757
8,7,4486.04730097
8,8,0.0
8,9,1001.40983495
8,10,2377.1057767
8,11,4413.2198835
8,12,4271.32754369
8,13,4732.95693204
8,14,5853.35841748
8,15,8219.45796117
8,16,6563.22735922
8,17,5566.20416505
8,18,6231.4394466
8,19,6434.57997087
8,20,4986.3291068
8,21,5303.46554369
8,22,5066.32468932
8,23,4494.72796117
8,24,4464.71965049
8,25,5002.58583495
8,26,5841.17641748
8,27,5174.88580583
8,28,5758.57208738
8,29,6196.74463107
8,30,4776.23925243
8,31,3727.72409709
8,32,3737.54854369
8,33,4872.06066019
8,34,5393.4183301
8,35,5781.64784466
8,36,3623.18657282
8,37,1746.39897087
8,38,2335.08665049
8,39,3276.71160194
8,40,3264.74931068
8,41,3755.5548932
8,42,2944.74257282
8,43,3423.97980583
8,44,5447.0658932
8,45,4695.10971845
8,46,5376.53628155
8,47,6386.17926214
8,48,7130.71160194
8,49,6965.33258252
8,50,7388.72025243
8,51,6922.38261165
8,52,7400.19964078
8,53,6474.4911068
8,54,5877.65465049
8,55,6808.14779612
8,56,7989.48981553
8,57,8604.21958252
8,58,6150.25140777
8,59,7454.78160194
8,60,7664.53591262
8,61,7749.27315534
8,62,7986.67623301
8,63,8652.53984466
8,64,7013.30831068
8,65,7459.10583495
8,66,7373.04370874
8,67,6795.50838835
8,68,8383.91792233
8,69,7536.41151456
8,70,7752.28227184
9,0,9090.324
9,1,7216.16451456
9,2,6007.87691262
9,3,7382.21129126
9,4,6373.92033981
9,5,3938.51960194
9,6,3637.9261068
9,7,4811.4567767
9,8,1001.40983495
9,9,0.0
9,10,1842.91129126
9,11,3889.61453398
9,12,3857.95656311
9,13,4700.41614563
9,14,5650.98408738
9,15,7873.07566019
9,16,6157.23287379
9,17,5040.44329126
9,18,5828.94673786
9,19,6079.7591068
9,20,4754.19785437
9,21,5069.87782524
9,22,4601.30809709
9,23,3877.30868932
9,24,4141.49752427
9,25,4799.25578641
9,26,5428.59983495
9,27,4891.15141748
9,28,5603.55268932
9,29,6145.12274757
9,30,4717.40739806
9,31,3899.67075728
9,32,3599.73484466
9,33,4503.88550485
9,34,4911.82296117
9,35,5133.74308738
9,36,3460.42099029
9,37,2032.84454369
9,38,2855.77782524
9,39,3997.42708738
9,40,3773.85842718
9,41,4103.5292233
9,42,3487.82143689
9,43,4253.91959223
9,44,6196.33072816
9,45,5525.13120388
9,46,6210.36918447
9,47,7146.96275728
9,48,7885.03272816
9,49,7806.52592233
9,50,8089.16751456
9,51,7456.56274757
9,52,7918.80295146
9,53,6936.02354369
9,54,6241.28925243
9,55,7327.13776699
9,56,8423.70624272
9,57,9026.67545631
9,58,6550.11501942
9,59,7964.88413592
9,60,8274.5898932
9,61,8437.62618447
9,62,8757.37864078
9,63,9501.70716505
9,64,7844.62652427
9,65,8231.16594175
9,66,8112.46058252
9,67,7584.04926214
9,68,9192.55731068
9,69,8336.03304854
9,70,8494.81576699
10,0,9916.11116505
10,1,8027.044
10,2,6715.69929126
10,3,7871.14275728
10,4,6682.93761165
10,5,4401.39919417
10,6,4716.55399029
10,7,5892.87127184
10,8,2377.1057767
10,9,1842.91129126
10,10,0.0
10,11,2066.46398058
10,12,2275.47891262
10,13,3317.7601068
10,14,3981.39726214
10,15,6132.16193204
10,16,4388.37675728
10,17,3263.95681553
10,18,4014.13345631
10,19,4287.6186699
10,20,3133.68846602
10,21,3319.08862136
10,22,2837.46841748
10,23,2144.34598058
10,24,2366.4931068
10,25,3052.81385437
10,26,3599.02039806
10,27,3152.17250485
10,28,3933.83923301
10,29,4642.87226214
10,30,3175.65396117
10,31,2678.3988932
10,32,2131.33635922
10,33,2855.09130097
10,34,3159.24159223
10,35,3661.90975728
10,36,2264.73821359
10,37,2416.85750485
10,38,3242.94400971
10,39,4657.87604854
10,40,4894.67851456
10,41,5398.16607767
10,42,4653.88698058
10,43,4641.04994175
10,44,6137.99482524
10,45,5552.33880583
10,46,6203.6881068
10,47,6826.73191262
10,48,7519.34876699
10,49,7713.50209709
10,50,7583.15021359
10,51,6599.03282524
10,52,7089.15123301
10,53,6226.48030097
10,54,5193.40548544
10,55,6472.28202913
10,56,7400.64173786
10,57,8022.04012621
10,58,5632.82429126
10,59,7128.68730097
10,60,7580.26623301
10,61,7924.56706796
10,62,8444.83896117
10,63,9391.55770874
10,64,7736.2571165
10,65,7929.18640777
10,66,7716.30228155
10,67,7378.38358252
10,68,8948.59605825
10,69,8093.50947573
10,70,8081.85476699
11,0,11216.7523107
11,1,9460.51615534
11,2,8163.63233981
11,3,9072.8455534
11,4,7803.07029126
11,5,5848.11376699
11,6,6406.68646602
11,7,7497.11415534
11,8,4413.2198835
11,9,3889.61453398
11,10,2066.46398058
11,11,0.0
11,12,1636.09472816
11,13,2885.20305825
11,14,2667.71475728
11,15,4362.79469903
11,16,2584.98581553
11,17,1346.55718447
11,18,2082.64257282
11,19,2499.02018447
11,20,2139.40266019
11,21,1919.25595146
11,22,1237.43767961
11,23,673.672660194
11,24,1060.18534951
11,25,1758.21957282
11,26,1672.74094175
11,27,1761.3715534
11,28,2678.52966019
11,29,3677.10869903
11,30,2468.89597087
11,31,2853.09038835
11,32,2071.50906796
11,33,1755.37706796
11,34,1499.38379612
11,35,2470.59101942
11,36,2548.03826214
11,37,4104.25159223
11,38,4780.07753398
11,39,6213.12639806
11,40,6656.15095146
11,41,7197.45212621
11,42,6458.2104466
11,43,6041.64330097
11,44,7027.93623301
11,45,6584.04816505
11,46,7148.11526214
11,47,7409.0975534
11,48,8005.91381553
11,49,8475.45501942
11,50,7908.00253398
11,51,6557.76772816
11,52,7039.2651068
11,53,6374.67329126
11,54,5024.91497087
11,55,6444.82921359
11,56,7059.28887379
11,57,7664.08420388
11,58,5585.38219417
11,59,7062.59076699
11,60,7670.87981553
11,61,8209.34682524
11,62,8927.23998058
11,63,10050.2865825
11,64,8472.76615534
11,65,8460.22117476
11,66,8151.92514563
11,67,8031.246
11,68,9489.47501942
11,69,8678.69821359
11,70,8478.54572816
12,0,11470.916068
12,1,9560.75323301
12,2,8078.06335922
12,3,9249.49295146
12,4,8096.05800971
12,5,5999.87505825
12,6,6900.98136893
12,7,8102.26081553
12,8,4271.32754369
12,9,3857.95656311
12,10,2275.47891262
12,11,1636.09472816
12,12,0.0
12,13,1836.0453301
12,14,2134.93983495
12,15,4164.167
12,16,2610.44546602
12,17,2180.04842718
12,18,2991.93180583
12,19,2504.39576699
12,20,1224.8578835
12,21,1835.7528835
12,22,1107.1158932
12,23,1655.03172816
12,24,2204.65218447
12,25,1983.20669903
12,26,2460.44335922
12,27,1701.63213592
12,28,2320.71414563
12,29,2857.17996117
12,30,1924.95496117
12,31,2692.69429126
12,32,1264.551
12,33,794.896475728
12,34,1357.72657282
12,35,1957.04781553
12,36,1251.75112621
12,37,3349.15928155
12,38,3944.31073786
12,39,5303.30880583
12,40,5732.4138932
12,41,6288.13564078
12,42,5598.74630097
12,43,5315.52982524
12,44,6178.40480583
12,45,6041.84116505
12,46,6592.13358252
12,47,7139.47391262
12,48,7686.22845631
12,49,8022.87785437
12,50,7545.82596117
12,51,6339.24102913
12,52,6408.81315534
12,53,5378.49291262
12,54,4455.13678641
12,55,6062.00585437
12,56,6624.65874757
12,57,6988.02017476
12,58,4804.88869903
12,59,6476.24969903
12,60,7330.80842718
12,61,7878.01583495
12,62,8732.84708738
12,63,9803.85754369
12,64,8297.63592233
12,65,8024.92013592
12,66,7928.3061068
12,67,7996.92412621
12,68,9211.81313592
12,69,8301.0997767
12,70,8273.67752427
13,0,11226.6314854
13,1,9275.20636893
13,2,7578.46578641
13,3,8600.53449515
13,4,7486.01675728
13,5,5665.44608738
13,6,7283.49397087
13,7,8530.89190291
13,8,4732.95693204
13,9,4700.41614563
13,10,3317.7601068
13,11,2885.20305825
13,12,1836.0453301
13,13,0.0
13,14,1620.91928155
13,15,4084.91345631
13,16,3022.48559223
13,17,3269.74056311
13,18,3496.32705825
13,19,2687.73804854
13,20,1057.17936893
13,21,1666.36848544
13,22,2290.35197087
13,23,3181.26692233
13,24,2771.58006796
13,25,1836.68620388
13,26,3031.46379612
13,27,1886.98481553
13,28,1600.72167961
13,29,1532.57193204
13,30,844.452194175
13,31,1928.58664078
13,32,1225.96372816
13,33,1692.5722233
13,34,2465.21428155
13,35,3467.09673786
13,36,1453.21105825
13,37,3534.41800971
13,38,3764.19672816
13,39,4809.7458932
13,40,5732.75120388
13,41,6505.3398835
13,42,5625.7143301
13,43,4529.46432039
13,44,4814.6708835
13,45,4856.0972233
13,46,5295.09818447
13,47,5728.74992233
13,48,6177.9181165
13,49,6580.26685437
13,50,5950.85046602
13,51,4754.33972816
13,52,4633.0472233
13,53,3660.51165049
13,54,2739.23673786
13,55,4405.70553398
13,56,4910.78084466
13,57,5198.71281553
13,58,3044.76576699
13,59,4728.68731068
13,60,5698.07379612
13,61,6301.19897087
13,62,7279.35748544
13,63,8364.36427184
13,64,6987.92333981
13,65,6475.3925534
13,66,6453.7305534
13,67,6748.34685437
13,68,7709.19800971
13,69,6793.39021359
13,70,6776.07430097
14,0,12182.1953204
14,1,10355.7374854
14,2,8715.24731068
14,3,9532.33366019
14,4,8369.40345631
14,5,6727.64276699
14,6,8138.10823301
14,7,9313.96718447
14,8,5853.35841748
14,9,5650.98408738
14,10,3981.39726214
14,11,2667.71475728
14,12,2134.93983495
14,13,1620.91928155
14,14,0.0
14,15,2549.0768932
14,16,1556.90158252
14,17,2363.27662136
14,18,2310.21899029
14,19,1229.677
14,20,1009.47738835
14,21,1018.35478641
14,22,1781.49703883
14,23,2916.37460194
14,24,2526.14898058
14,25,1469.19758252
14,26,2038.87591262
14,27,1453.44397087
14,28,882.07907767
14,29,1363.70333981
14,30,1434.94943689
14,31,2861.36031068
14,32,2212.50532039
14,33,1542.01873786
14,34,1773.06856311
14,35,3002.57050485
14,36,2622.11341748
14,37,4886.09790291
14,38,5239.33637864
14,39,6375.20521359
14,40,7200.81084466
14,41,7904.01086408
14,42,7082.79243689
14,43,6058.22661165
14,44,6251.9228835
14,45,6226.08832039
14,46,6624.97846602
14,47,6742.56468932
14,48,7146.17753398
14,49,7738.67086408
14,50,6844.39002913
14,51,5382.54458252
14,52,5411.92753398
14,53,4776.16416505
14,54,3569.02804854
14,55,5145.60447573
14,56,5360.68725243
14,57,5687.36323301
14,58,4026.23258252
14,59,5484.288
14,60,6443.93031068
14,61,7145.25204854
14,62,8158.81230097
14,63,9338.22428155
14,64,7997.61546602
14,65,7510.34914563
14,66,7337.08782524
14,67,7655.31625243
14,68,8648.51907767
14,69,7821.65006796
14,70,7622.98609709
15,0,14354.7818835
15,1,12708.6204272
15,2,11151.0186505
15,3,11792.6181068
15,4,10639.6745437
15,5,9159.63585437
15,6,10387.4355728
15,7,11491.5863689
15,8,8219.45796117
15,9,7873.07566019
15,10,6132.16193204
15,11,4362.79469903
15,12,4164.167
15,13,4084.91345631
15,14,2549.0768932
15,15,0.0
15,16,1815.26356311
15,17,3330.42550485
15,18,2979.7881068
15,19,1959.90668932
15,20,3383.32736893
15,21,3212.86936893
15,22,3408.80718447
15,23,4417.3296699
15,24,4397.34887379
15,25,3642.49398058
15,26,3136.06229126
15,27,3476.07818447
15,28,3063.35421359
15,29,3203.80487379
15,30,3943.82384466
15,31,5346.34508738
15,32,4668.42265049
15,33,3552.69674757
15,34,3155.84619417
15,35,3754.83203883
15,36,4974.36130097
15,37,7293.45527184
15,38,7691.18851456
15,39,8828.08057282
15,40,9540.05002913
15,41,10152.3040583
15,42,9447.0318932
15,43,8567.53066019
15,44,8567.94181553
15,45,8654.45505825
15,46,8988.39830097
15,47,8911.52903883
15,48,9208.45513592
15,49,9932.03649515
15,50,8802.02193204
15,51,7223.43037864
15,52,7141.51190291
15,53,6699.29036893
15,54,5620.88999029
15,55,7023.58698058
15,56,6819.3511068
15,57,6954.99350485
15,58,6018.96270874
15,59,7203.36370874
15,60,8246.73687379
15,61,9041.51656311
15,62,10144.7413883
15,63,11376.3195825
15,64,10172.1913592
15,65,9564.68665049
15,66,9353.32670874
15,67,9796.21081553
15,68,10639.8435243
15,69,9894.43790291
15,70,9581.53296117
16,0,12959.558835
16,1,11259.7367184
16,2,9774.29740777
16,3,10545.124932
16,4,9346.28505825
16,5,7682.502
16,6,8682.05945631
16,7,9779.32192233
16,8,6563.22735922
16,9,6157.23287379
16,10,4388.37675728
16,11,2584.98581553
16,12,2610.44546602
16,13,3022.48559223
16,14,1556.90158252
16,15,1815.26356311
16,16,0.0
16,17,1564.9605534
16,18,1532.20096117
16,19,628.082669903
16,20,2074.58535922
16,21,1840.11938835
16,22,1713.04056311
16,23,2630.94360194
16,24,2706.78525243
16,25,2205.80701942
16,26,1555.43005825
16,27,2031.31935922
16,28,2100.39360194
16,29,2774.50773786
16,30,2750.81849515
16,31,4007.52525243
16,32,3211.07807767
16,33,2057.01618447
16,34,1472.81276699
16,35,2443.06345631
16,36,3591.7208835
16,37,5814.25184466
16,38,6318.40324272
16,39,7594.26254369
16,40,8205.70121359
16,41,8792.60330097
16,42,8074.73186408
16,43,7367.53468932
16,44,7751.1807767
16,45,7634.49952427
16,46,8067.90700971
16,47,8126.92382524
16,48,8555.72739806
16,49,9191.38208738
16,50,8267.14273786
16,51,6724.4412233
16,52,6882.82680583
16,53,6310.47818447
16,54,5050.00721359
16,55,6555.6904466
16,56,6700.46392233
16,57,7062.6452233
16,58,5551.32898058
16,59,6936.25192233
16,60,7832.01506796
16,61,8540.66236893
16,62,9509.6311068
16,63,10719.2843689
16,64,9338.63636893
16,65,8963.16063107
16,66,8704.14107767
16,67,8927.52737864
16,68,10043.8359903
16,69,9253.92787379
16,70,8980.47540777
17,0,12077.3254369
17,1,10407.1938252
17,2,9104.13261165
17,3,9918.99232039
17,4,8673.23021359
17,5,6877.10780583
17,6,7470.02847573
17,7,8511.99633981
17,8,5566.20416505
17,9,5040.44329126
17,10,3263.95681553
17,11,1346.55718447
17,12,2180.04842718
17,13,3269.74056311
17,14,2363.27662136
17,15,3330.42550485
17,16,1564.9605534
17,17,0.0
17,18,1251.93517476
17,19,1732.91530097
17,20,2290.26678641
17,21,1977.84420388
17,22,1202.77282524
17,23,1308.73901942
17,24,1744.10347573
17,25,2038.51897087
17,26,1191.06925243
17,27,1944.0281068
17,28,2659.81440777
17,29,3636.45439806
17,30,2865.41432039
17,31,3656.36702913
17,32,2854.16037864
17,33,1959.1918932
17,34,1142.12586408
17,35,2195.9428835
17,36,3301.31039806
17,37,5163.83759223
17,38,5807.87839806
17,39,7212.53140777
17,40,7665.45157282
17,41,8188.50883495
17,42,7488.75260194
17,43,7024.46433981
17,44,7805.94694175
17,45,7455.50051456
17,46,7974.30320388
17,47,8108.51634951
17,48,8648.42549515
17,49,9212.98501942
17,50,8476.84845631
17,51,6998.31899029
17,52,7416.30954369
17,53,6822.21739806
17,54,5441.62232039
17,55,6898.57738835
17,56,7310.20837864
17,57,7855.77423301
17,58,6021.11081553
17,59,7453.68143689
17,60,8151.34761165
17,61,8762.78166019
17,62,9563.83397087
17,63,10736.5771942
17,64,9219.15279612
17,65,9110.41095146
17,66,8776.62602913
17,67,8756.64417476
17,68,10134.5986796
17,69,9347.76545631
17,70,9079.70952427
18,0,12248.0142718
18,1,10667.1696602
18,2,9270.52035922
18,3,9817.45182524
18,4,8545.1106699
18,5,7032.00878641
18,6,7858.41609709
18,7,8863.39341748
18,8,6231.4394466
18,9,5828.94673786
18,10,4014.13345631
18,11,2082.64257282
18,12,2991.93180583
18,13,3496.32705825
18,14,2310.21899029
18,15,2979.7881068
18,16,1532.20096117
18,17,1251.93517476
18,18,0.0
18,19,1518.17504854
18,20,2629.31247573
18,21,1899.28972816
18,22,1981.49573786
18,23,2308.58373786
18,24,1856.1001068
18,25,1890.46473786
18,26,793.479194175
18,27,2014.30038835
18,28,2454.2676699
18,29,3501.20641748
18,30,2895.72679612
18,31,3697.65830097
18,32,3310.68040777
18,33,2576.79187379
18,34,1927.65971845
18,35,3233.19305825
18,36,3934.0881165
18,37,5855.95970874
18,38,6395.12017476
18,39,7738.15343689
18,40,8407.60067961
18,41,9027.12038835
18,42,8221.17931068
18,43,7355.34053398
18,44,7893.38285437
18,45,7498.74033981
18,46,7953.24591262
18,47,7811.12559223
18,48,8298.24
18,49,9009.68048544
18,50,8077.38731068
18,51,6474.32133981
18,52,7034.40763107
18,53,6745.102
18,54,5143.04394175
18,55,6456.01954369
18,56,6754.71097087
18,57,7382.48846602
18,58,5823.17980583
18,59,7057.4548835
18,60,7674.2281068
18,61,8332.18419417
18,62,9140.51098058
18,63,10369.1558058
18,64,8918.01887379
18,65,8803.78699029
18,66,8370.29456311
18,67,8399.57071845
18,68,9739.82256311
18,69,9032.49106796
18,70,8636.00342718
19,0,12775.1081456
19,1,11048.9043981
19,2,9528.08817476
19,3,10275.9722913
19,4,9061.21749515
19,5,7427.77660194
19,6,8556.50907767
19,7,9671.92895146
19,8,6434.57997087
19,9,6079.7591068
19,10,4287.6186699
19,11,2499.02018447
19,12,2504.39576699
19,13,2687.73804854
19,14,1229.677
19,15,1959.90668932
19,16,628.082669903
19,17,1732.91530097
19,18,1518.17504854
19,19,0.0
19,20,1787.34609709
19,21,1396.83451456
19,22,1626.34339806
19,23,2663.63812621
19,24,2519.42097087
19,25,1805.74893204
19,26,1332.82483495
19,27,1667.83319417
19,28,1600.4028932
19,29,2346.70767961
19,30,2345.96951456
19,31,3656.16351456
19,32,2950.41112621
19,33,1893.7778932
19,34,1446.15918447
19,35,2666.11224272
19,36,3392.39664078
19,37,5649.04699029
19,38,6105.68530097
19,39,7357.56205825
19,40,8062.73261165
19,41,8697.5337767
19,42,7929.83126214
19,43,7073.17472816
19,44,7380.8953301
19,45,7268.78718447
19,46,7685.99633981
19,47,7702.64669903
19,48,8117.07068932
19,49,8776.07598058
19,50,7814.25563107
19,51,6256.43494175
19,52,6419.43800971
19,53,5902.273
19,54,4583.10576699
19,55,6079.78240777
19,56,6218.47301942
19,57,6596.08896117
19,58,5099.27259223
19,59,6465.31782524
19,60,7359.0502233
19,61,8079.33296117
19,62,9065.64345631
19,63,10288.7743883
19,64,8925.48343689
19,65,8521.68243689
19,66,8262.1963301
19,67,8519.72128155
19,68,9602.4802233
19,69,8819.21983495
19,70,8536.1558835
20,0,11688.6630583
20,1,9786.5715534
20,2,8180.35419417
20,3,9183.1508932
20,4,8018.80879612
20,5,6158.31264078
20,6,7459.96565049
20,7,8668.27143689
20,8,4986.3291068
20,9,4754.19785437
20,10,3133.68846602
20,11,2139.40266019
20,12,1224.8578835
20,13,1057.17936893
20,14,1009.47738835
20,15,3383.32736893
20,16,2074.58535922
20,17,2290.26678641
20,18,2629.31247573
20,19,1787.34609709
20,20,0.0
20,21,985.185271845
20,22,1307.28352427
20,23,2364.95351456
20,24,2209.81570874
20,25,1317.55592233
20,26,2152.33442718
20,27,1168.95759223
20,28,1255.96556311
20,29,1721.79590291
20,30,1053.081
20,31,2375.58729126
20,32,1332.87135922
20,33,829.012514563
20,34,1446.56419417
20,35,2578.69157282
20,36,1664.86540777
20,37,3969.92023301
20,38,4376.64863107
20,39,5589.86245631
20,40,6316.75823301
20,41,6993.26269903
20,42,6194.66469903
20,43,5385.26321359
20,44,5837.24334951
20,45,5782.12991262
20,46,6249.00341748
20,47,6587.15627184
20,48,7057.39220388
20,49,7523.25838835
20,50,6828.17852427
20,51,5499.72564078
20,52,5515.23365049
20,53,4651.3438835
20,54,3578.20899029
20,55,5217.60379612
20,56,5630.74404854
20,57,5969.68733981
20,58,3976.48757282
20,59,5589.09476699
20,60,6518.46912621
20,61,7147.40971845
20,62,8104.48995146
20,63,9235.57646602
20,64,7818.03412621
20,65,7400.385
20,66,7284.62520388
20,67,7510.3321165
20,68,8586.03068932
20,69,7704.67350485
20,70,7604.46527184
21,0,11705.121767
21,1,9879.92112621
21,2,8297.85385437
21,3,9089.18868932
21,4,7847.48913592
21,5,6149.54503883
21,6,7440.0588932
21,7,8596.75326214
21,8,5303.46554369
21,9,5069.87782524
21,10,3319.08862136
21,11,1919.25595146
21,12,1835.7528835
21,13,1666.36848544
21,14,1018.35478641
21,15,3212.86936893
21,16,1840.11938835
21,17,1977.84420388
21,18,1899.28972816
21,19,1396.83451456
21,20,985.185271845
21,21,0.0
21,22,1360.8757767
21,23,2322.00570874
21,24,1694.44036893
21,25,576.331135922
21,26,1443.08209709
21,27,755.98068932
21,28,862.941339806
21,29,1886.44069903
21,30,1096.26192233
21,31,2316.18573786
21,32,1777.4265534
21,33,1324.24909709
21,34,1472.95102913
21,35,2968.50551456
21,36,2392.45839806
21,37,4524.29268932
21,38,4929.18073786
21,39,6160.33609709
21,40,6986.26574757
21,41,7697.44572816
21,42,6833.66840777
21,43,5793.5641165
21,44,6185.70501942
21,45,5978.3728835
21,46,6422.50560194
21,47,6501.67951456
21,48,6968.09933981
21,49,7570.74730097
21,50,6726.12014563
21,51,5249.2628835
21,52,5517.86767961
21,53,4980.85178641
21,54,3557.28015534
21,55,5064.32350485
21,56,5443.11040777
21,57,5940.84671845
21,58,4118.36904854
21,59,5553.74747573
21,60,6350.5691068
21,61,7017.70627184
21,62,7938.91312621
21,63,9131.65270874
21,64,7707.83166019
21,65,7380.04852427
21,66,7129.95399029
21,67,7315.70423301
21,68,8471.30461165
21,69,7665.25285437
21,70,7426.84721359
22,0,11968.9603883
22,1,10150.2619806
22,2,8704.88797087
22,3,9693.96025243
22,4,8476.99752427
22,5,6538.75194175
22,6,7378.11102913
22,7,8518.54539806
22,8,5066.32468932
22,9,4601.30809709
22,10,2837.46841748
22,11,1237.43767961
22,12,1107.1158932
22,13,2290.35197087
22,14,1781.49703883
22,15,3408.80718447
22,16,1713.04056311
22,17,1202.77282524
22,18,1981.49573786
22,19,1626.34339806
22,20,1307.28352427
22,21,1360.8757767
22,22,0.0
22,23,1293.7033301
22,24,1796.90851456
22,25,1579.73715534
22,26,1468.42685437
22,27,1234.02576699
22,28,1984.81165049
22,29,2819.36613592
22,30,2054.0636699
22,31,3048.50003883
22,32,1933.87594175
22,33,871.284718447
22,34,427.390980583
22,35,1731.29375728
22,36,2253.7127767
22,37,4348.12365049
22,38,4935.71876699
22,39,6305.7785534
22,40,6799.22212621
22,41,7357.45617476
22,42,6651.52620388
22,43,6192.04763107
22,44,6920.09749515
22,45,6718.62768932
22,46,7237.3892233
22,47,7542.49230097
22,48,8064.69443689
22,49,8546.99053398
22,50,7877.23921359
22,51,6492.84542718
22,52,6693.83059223
22,53,5896.60018447
22,54,4713.18691262
22,55,6281.06308738
22,56,6714.4938835
22,57,7143.23509709
22,58,5178.64473786
22,59,6740.34083495
22,60,7564.55787379
22,61,8178.49801942
22,62,9054.7521068
22,63,10202.0493883
22,64,8708.78937864
22,65,8455.62338835
22,66,8249.1464466
22,67,8333.00339806
22,68,9581.25108738
22,69,8730.52549515
22,70,8572.5355534
23,0,11472.3030485
23,1,9702.66898058
23,2,8422.26501942
23,3,9419.63340777
23,4,8186.76545631
23,5,6171.28418447
23,6,6550.20184466
23,7,7619.82216505
23,8,4494.72796117
23,9,3877.30868932
23,10,2144.34598058
23,11,673.672660194
23,12,1655.03172816
23,13,3181.26692233
23,14,2916.37460194
23,15,4417.3296699
23,16,2630.94360194
23,17,1308.73901942
23,18,2308.58373786
23,19,2663.63812621
23,20,2364.95351456
23,21,2322.00570874
23,22,1293.7033301
23,23,0.0
23,24,1599.05512621
23,25,2245.4681165
23,26,1949.78863107
23,27,2144.48859223
23,28,3064.20601942
23,29,3988.67490291
23,30,2879.12887379
23,31,3322.01447573
23,32,2366.97713592
23,33,1876.25962136
23,34,1495.76700971
23,35,2106.65485437
23,36,2685.03336893
23,37,4193.97438835
23,38,4925.0441165
23,39,6383.4145534
23,40,6680.96917476
23,41,7148.2312233
23,42,6491.38216505
23,43,6316.59013592
23,44,7384.8522233
23,45,6977.91492233
23,46,7558.33302913
23,47,7899.67666019
23,48,8503.67425243
23,49,8929.987
23,50,8411.07647573
23,51,7085.78694175
23,52,7503.91672816
23,53,6740.89132039
23,54,5490.11834951
23,55,6956.6624466
23,56,7557.37550485
23,57,8116.05327184
23,58,6015.46012621
23,59,7543.05476699
23,60,8190.543
23,61,8717.38891262
23,62,9437.62117476
23,63,10541.1870583
23,64,8953.66335922
23,65,8942.69886408
23,66,8660.76075728
23,67,8529.73268932
23,68,9991.2944466
23,69,9162.46847573
23,70,8995.25506796
24,0,10817.2567573
24,1,9019.62460194
24,2,7603.15917476
24,3,8349.39199029
24,4,7043.96050485
24,5,5300.02502913
24,6,6131.15808738
24,7,7203.86684466
24,8,4464.71965049
24,9,4141.49752427
24,10,2366.4931068
24,11,1060.18534951
24,12,2204.65218447
24,13,2771.58006796
24,14,2526.14898058
24,15,4397.34887379
24,16,2706.78525243
24,17,1744.10347573
24,18,1856.1001068
24,19,2519.42097087
24,20,2209.81570874
24,21,1694.44036893
24,22,1796.90851456
24,23,1599.05512621
24,24,0.0
24,25,1271.71747573
24,26,1574.24770874
24,27,1660.12159223
24,28,2437.64705825
24,29,3491.0318932
24,30,2145.52985437
24,31,2264.49330097
24,32,2070.95532039
24,33,2160.54459223
24,34,2049.95656311
24,35,3371.28025243
24,36,2791.84618447
24,37,4255.72935922
24,38,4818.06358252
24,39,6175.328
24,40,6844.56719417
24,41,7493.179
24,42,6625.93251456
24,43,5781.14451456
24,44,6626.09515534
24,45,6065.84660194
24,46,6594.30373786
24,47,6646.31540777
24,48,7238.86668932
24,49,7797.5251068
24,50,7143.05719417
24,51,5736.18654369
24,52,6413.19154369
24,53,5997.20316505
24,54,4429.34016505
24,55,5714.30549515
24,56,6366.72138835
24,57,7094.57269903
24,58,5108.01320388
24,59,6436.64643689
24,60,6907.96853398
24,61,7442.27065049
24,62,8108.64184466
24,63,9252.45956311
24,64,7683.27598058
24,65,7746.71547573
24,66,7341.90345631
24,67,7188.52849515
24,68,8692.56347573
24,69,7939.99684466
24,70,7649.88669903
25,0,11311.089
25,1,9490.60053398
25,2,7909.90012621
25,3,8649.27328155
25,4,7379.10478641
25,5,5708.63535922
25,6,6979.42148544
25,7,8118.48390291
25,8,5002.58583495
25,9,4799.25578641
25,10,3052.81385437
25,11,1758.21957282
25,12,1983.20669903
25,13,1836.68620388
25,14,1469.19758252
25,15,3642.49398058
25,16,2205.80701942
25,17,2038.51897087
25,18,1890.46473786
25,19,1805.74893204
25,20,1317.55592233
25,21,576.331135922
25,22,1579.73715534
25,23,2245.4681165
25,24,1271.71747573
25,25,0.0
25,26,1444.45776699
25,27,807.106902913
25,28,1224.74751456
25,29,2266.26557282
25,30,1126.49216505
25,31,1978.08523301
25,32,1708.6638835
25,33,1624.49264078
25,34,1767.85767961
25,35,3276.78846602
25,36,2442.03953398
25,37,4371.23775728
25,38,4786.25927184
25,39,6029.39078641
25,40,6882.27415534
25,41,7609.65502913
25,42,6707.14407767
25,43,5596.14872816
25,44,6074.92901942
25,45,5742.64312621
25,46,6202.57206796
25,47,6230.27325243
25,48,6732.05392233
25,49,7342.12331068
25,50,6529.71042718
25,51,5056.83050485
25,52,5494.71283495
25,53,5054.54268932
25,54,3512.38446602
25,55,4930.03290291
25,56,5418.58321359
25,57,6023.72039806
25,58,4143.83253398
25,59,5520.12820388
25,60,6192.4657767
25,61,6822.64571845
25,62,7668.40250485
25,63,8856.3297767
25,64,7392.80597087
25,65,7181.09469903
25,66,6871.84425243
25,67,6965.77499029
25,68,8222.34947573
25,69,7441.04116505
25,70,7171.71065049
26,0,12166.813534
26,1,10483.5667184
26,2,9051.47492233
26,3,9727.01599029
26,4,8435.33361165
26,5,6786.02576699
26,6,7651.05706796
26,7,8702.29919417
26,8,5841.17641748
26,9,5428.59983495
26,10,3599.02039806
26,11,1672.74094175
26,12,2460.44335922
26,13,3031.46379612
26,14,2038.87591262
26,15,3136.06229126
26,16,1555.43005825
26,17,1191.06925243
26,18,793.479194175
26,19,1332.82483495
26,20,2152.33442718
26,21,1443.08209709
26,22,1468.42685437
26,23,1949.78863107
26,24,1574.24770874
26,25,1444.45776699
26,26,0.0
26,27,1428.78076699
26,28,2027.55660194
26,29,3122.16876699
26,30,2452.22757282
26,31,3331.92978641
26,32,2811.06733981
26,33,2048.67898058
26,34,1442.95154369
26,35,2831.99953398
26,36,3401.69482524
26,37,5371.44009709
26,38,5903.30471845
26,39,7248.74346602
26,40,7914.38347573
26,41,8536.6638932
26,42,7736.97916505
26,43,6916.83016505
26,44,7487.52870874
26,45,7143.37664078
26,46,7613.30136893
26,47,7573.47060194
26,48,8066.68870874
26,49,8725.5936699
26,50,7846.16387379
26,51,6295.30961165
26,52,6768.6387767
26,53,6364.39852427
26,54,4835.4348932
26,55,6208.71840777
26,56,6553.53903883
26,57,7135.20682524
26,58,5457.65826214
26,59,6777.12772816
26,60,7448.78725243
26,61,8105.87757282
26,62,8942.05070874
26,63,10160.9566019
26,64,8698.15580583
26,65,8534.51879612
26,66,8163.56227184
26,67,8222.23383495
26,68,9527.35448544
26,69,8789.44705825
26,70,8451.76221359
27,0,11716.2889612
27,1,9895.07292233
27,2,8355.05940777
27,3,9176.77191262
27,4,7918.84748544
27,5,6152.43290291
27,6,7327.82559223
27,7,8479.08019417
27,8,5174.88580583
27,9,4891.15141748
27,10,3152.17250485
27,11,1761.3715534
27,12,1701.63213592
27,13,1886.98481553
27,14,1453.44397087
27,15,3476.07818447
27,16,2031.31935922
27,17,1944.0281068
27,18,2014.30038835
27,19,1667.83319417
27,20,1168.95759223
27,21,755.98068932
27,22,1234.02576699
27,23,2144.48859223
27,24,1660.12159223
27,25,807.106902913
27,26,1428.78076699
27,27,0.0
27,28,1216.3066699
27,29,2198.57348544
27,30,1360.06738835
27,31,2429.25987379
27,32,1795.22533981
27,33,1261.19568932
27,34,1353.94378641
27,35,2758.56807767
27,36,2342.34191262
27,37,4427.2426699
27,38,4869.15018447
27,39,6129.36705825
27,40,6888.49693204
27,41,7569.25376699
27,42,6734.62604854
27,43,5819.38523301
27,44,6316.37780583
27,45,6091.98687379
27,46,6558.57308738
27,47,6690.34070874
27,48,7175.61539806
27,49,7743.24960194
27,50,6954.55030097
27,51,5517.36703883
27,52,5797.95200971
27,53,5206.11738835
27,54,3838.33297087
27,55,5321.9418835
27,56,5742.6401165
27,57,6239.02633981
27,58,4360.21101942
27,59,5813.03765049
27,60,6589.35704854
27,61,7233.17916505
27,62,8130.46443689
27,63,9314.59237864
27,64,7869.09215534
27,65,7577.72415534
27,66,7337.54808738
27,67,7482.30694175
27,68,8674.38084466
27,69,7872.74814563
27,70,7648.70013592
28,0,11988.288165
28,1,10160.2941262
28,2,8529.61275728
28,3,9280.22957282
28,4,8062.70440777
28,5,6454.25075728
28,6,7960.22548544
28,7,9137.05528155
28,8,5758.57208738
28,9,5603.55268932
28,10,3933.83923301
28,11,2678.52966019
28,12,2320.71414563
28,13,1600.72167961
28,14,882.07907767
28,15,3063.35421359
28,16,2100.39360194
28,17,2659.81440777
28,18,2454.2676699
28,19,1600.4028932
28,20,1255.96556311
28,21,862.941339806
28,22,1984.81165049
28,23,3064.20601942
28,24,2437.64705825
28,25,1224.74751456
28,26,2027.55660194
28,27,1216.3066699
28,28,0.0
28,29,1240.65115534
28,30,1121.45912621
28,31,2528.74623301
28,32,2127.91016505
28,33,1738.64548544
28,34,2009.94831068
28,35,3362.88204854
28,36,2650.98356311
28,37,4822.96459223
28,38,5120.53567961
28,39,6227.39665049
28,40,7166.4273301
28,41,7920.25329126
28,42,7038.46243689
28,43,5823.29962136
28,44,5957.69331068
28,45,5888.14570874
28,46,6272.22351456
28,47,6309.10468932
28,48,6705.19283495
28,49,7337.9621068
28,50,6396.95676699
28,51,4910.27535922
28,52,5014.62294175
28,53,4505.09260194
28,54,3136.52813592
28,55,4658.44169903
28,56,4903.93166019
28,57,5312.0191068
28,58,3636.21253398
28,59,5042.31153398
28,60,5952.0148932
28,61,6669.94214563
28,62,7688.97056311
28,63,8896.45048544
28,64,7561.06200971
28,65,7073.08112621
28,66,6881.63253398
28,67,7214.38492233
28,68,8201.12023301
28,69,7399.60956311
28,70,7167.79374757
29,0,12357.5347282
29,1,10473.4462913
29,2,8752.12412621
29,3,9562.93258252
29,4,8430.40230097
29,5,6860.16231068
29,6,8603.97957282
29,7,9822.20283495
29,8,6196.74463107
29,9,6145.12274757
29,10,4642.87226214
29,11,3677.10869903
29,12,2857.17996117
29,13,1532.57193204
29,14,1363.70333981
29,15,3203.80487379
29,16,2774.50773786
29,17,3636.45439806
29,18,3501.20641748
29,19,2346.70767961
29,20,1721.79590291
29,21,1886.44069903
