	Six_zebra_models13971.py	Six_zebra_models19141.py	Six_zebra_models5357.py	Six_zebra_models18265.py	Six_zebra_models31450.py	Six_zebra_models40097.py	Six_zebra_models48110.py	Six_zebra_models16368.py	Six_zebra_models8148.py	Six_zebra_models47909.py	Six_zebra_models47696.py	Six_zebra_models22688.py	Six_zebra_models48658.py	Six_zebra_models6070.py	Six_zebra_models49145.py	Six_zebra_models37407.py	Six_zebra_models10562.py	Six_zebra_models18520.py	Six_zebra_models19053.py	Six_zebra_models34481.py	Six_zebra_models20028.py	Six_zebra_models23114.py	Six_zebra_models19885.py	Six_zebra_models41696.py	Six_zebra_models557.py	Six_zebra_models36599.py	Six_zebra_models49458.py	Six_zebra_models41516.py	Six_zebra_models11123.py	Six_zebra_models27943.py	Six_zebra_models43232.py	Six_zebra_models35444.py	Six_zebra_models20594.py	Six_zebra_models7301.py	Six_zebra_models49742.py	Six_zebra_models6845.py	Six_zebra_models26054.py	Six_zebra_models7326.py	Six_zebra_models31012.py	Six_zebra_models13643.py	Six_zebra_models6913.py	Six_zebra_models33241.py	Six_zebra_models10463.py	Six_zebra_models32843.py	Six_zebra_models43329.py	Six_zebra_models8646.py	Six_zebra_models17787.py	Six_zebra_models32355.py	Six_zebra_models39576.py	Six_zebra_models17323.py	Six_zebra_models46895.py	Six_zebra_models43140.py	Six_zebra_models29975.py	Six_zebra_models24118.py	Six_zebra_models34065.py	Six_zebra_models27030.py	Six_zebra_models44714.py	Six_zebra_models44165.py	Six_zebra_models33742.py	Six_zebra_models21838.py	Six_zebra_models49499.py	Six_zebra_models44.py	Six_zebra_models30473.py	Six_zebra_models36304.py	Six_zebra_models2299.py	Six_zebra_models48085.py	Six_zebra_models16607.py	Six_zebra_models45108.py	Six_zebra_models9809.py	Six_zebra_models19050.py	Six_zebra_models26211.py	Six_zebra_models6742.py	Six_zebra_models31567.py	Six_zebra_models7070.py	Six_zebra_models44457.py	Six_zebra_models9343.py	Six_zebra_models41232.py	Six_zebra_models48389.py	Six_zebra_models13808.py	Six_zebra_models19111.py	Six_zebra_models36984.py	Six_zebra_models47209.py	Six_zebra_models23020.py	Six_zebra_models35233.py	Six_zebra_models29901.py	Six_zebra_models11849.py	Six_zebra_models23934.py	Six_zebra_models40274.py	Six_zebra_models14045.py	Six_zebra_models24449.py	
Six_zebra_models13971.py	0.0	4376.828	4377.321	331.93	4411.849	4443.163	354.738	583.334	4426.05	560.431	4054.389	4341.164	2408.491	4038.892	4458.896	2603.122	2608.552	4156.788	2649.101	4030.053	2380.546	2694.6	2617.044	4098.011	4141.685	2697.776	4115.557	2406.501	2665.379	4178.623	4121.05	4176.018	4066.505	4008.277	2670.501	2547.595	4120.197	2621.892	2721.128	2668.973	4041.943	2623.057	811.335	4152.828	4054.153	4116.153	2525.573	2666.902	2705.441	2630.012	4037.558	4148.162	2688.354	2625.689	3991.974	2715.321	4045.814	4181.932	4191.074	4087.889	2688.93	2692.87	3939.311	4160.416	2667.126	2666.379	2602.757	4077.632	2571.185	2691.864	4207.287	4133.456	4243.705	4034.386	4227.046	2725.774	2727.771	2719.073	4108.667	4003.212	3932.43	4085.939	4141.114	4031.931	2535.473	4140.486	4049.522	3880.278	4046.065	2667.73	
Six_zebra_models19141.py	4376.828	0.0	478.09	4328.575	391.889	419.668	4455.34	4367.406	456.801	4301.772	2598.245	476.65	3906.878	2593.212	577.486	3845.678	3974.452	2539.275	3866.997	2429.858	3990.131	3936.818	3985.972	2706.876	2507.245	4000.999	2523.581	3815.868	4048.215	2650.764	2541.99	2634.023	2687.821	2673.37	3894.314	3845.464	2713.048	4119.687	4009.472	4026.291	2734.474	3965.292	4350.055	2672.495	2693.913	2689.705	4015.876	4051.672	3868.248	3843.596	2689.61	2774.047	4071.835	3965.53	2236.791	3857.386	2767.82	2769.807	2708.363	2785.502	3927.589	3794.03	2646.157	2758.128	3846.421	3764.374	3881.035	2734.743	3959.514	4002.19	2675.383	2774.253	2673.812	2690.486	2718.807	3903.929	3821.042	3993.017	2414.524	2712.928	2702.419	2688.745	2758.499	2705.989	3868.995	2749.015	2754.4	2649.928	2813.61	4004.345	
Six_zebra_models5357.py	4377.321	478.09	0.0	4343.892	376.583	351.541	4471.62	4380.223	466.695	4333.628	2514.544	397.733	3938.357	2505.579	602.025	3877.92	3996.706	2476.341	3897.61	2324.129	4006.114	3972.23	4004.095	2633.748	2484.238	4031.509	2440.307	3842.87	4071.109	2623.383	2496.833	2586.064	2617.31	2605.681	3951.664	3876.854	2659.265	4138.598	4059.352	4074.597	2654.809	4006.331	4369.75	2615.418	2644.364	2613.196	4020.286	4079.335	3898.207	3885.55	2652.831	2706.436	4101.491	4004.588	2194.911	3900.811	2703.168	2712.832	2665.095	2730.853	3957.929	3824.91	2613.74	2705.963	3879.005	3807.402	3912.872	2672.189	3975.788	4035.483	2617.106	2717.912	2624.441	2638.522	2681.757	3931.057	3855.902	4044.635	2322.254	2678.487	2641.156	2622.929	2730.103	2674.644	3908.66	2711.009	2709.567	2590.008	2739.744	4023.094	
Six_zebra_models18265.py	331.93	4328.575	4343.892	0.0	4371.918	4400.977	359.031	463.458	4388.64	432.344	3992.292	4310.622	2462.494	3973.887	4424.074	2654.389	2662.862	4088.901	2693.827	3969.675	2450.895	2739.93	2672.192	4044.138	4061.486	2755.971	4062.039	2461.928	2738.507	4111.296	4051.72	4101.425	4005.193	3933.764	2721.827	2603.319	4053.279	2697.914	2775.105	2717.08	3975.48	2681.118	701.077	4091.952	3977.72	4051.965	2604.338	2738.368	2749.49	2685.767	3956.959	4090.203	2753.536	2664.694	3918.647	2747.41	3979.71	4110.491	4118.859	4015.477	2748.125	2738.84	3857.982	4093.088	2718.036	2705.477	2654.312	4011.76	2640.486	2747.227	4144.279	4068.761	4178.512	3952.309	4158.935	2775.641	2779.08	2761.257	4047.42	3922.23	3856.174	4014.454	4069.202	3959.95	2603.309	4064.142	3972.939	3810.759	3977.636	2728.579	
Six_zebra_models31450.py	4411.849	391.889	376.583	4371.918	0.0	340.145	4498.627	4420.897	363.289	4357.16	2561.718	364.55	3933.744	2579.057	486.355	3863.849	3996.671	2538.793	3889.385	2382.132	4004.459	3967.831	4007.201	2692.845	2539.065	4031.615	2466.841	3847.492	4075.753	2650.691	2532.381	2634.802	2677.883	2692.706	3924.612	3865.489	2696.054	4146.68	4044.782	4072.19	2713.18	3998.986	4415.278	2657.16	2707.134	2689.414	4035.589	4076.909	3888.606	3868.299	2723.548	2759.111	4098.891	4004.297	2253.402	3893.289	2743.152	2758.512	2711.017	2775.538	3944.174	3810.635	2680.668	2738.553	3867.537	3790.656	3910.774	2733.531	3967.334	4025.608	2656.764	2773.624	2673.245	2708.114	2712.359	3928.515	3837.08	4033.038	2354.783	2732.629	2704.466	2674.641	2762.495	2718.038	3898.581	2748.88	2777.681	2653.114	2794.798	4022.791	
Six_zebra_models40097.py	4443.163	419.668	351.541	4400.977	340.145	0.0	4526.494	4441.728	528.538	4389.183	2583.528	463.447	3996.952	2590.351	617.981	3932.12	4063.619	2541.661	3956.622	2409.789	4071.913	4035.111	4072.584	2706.165	2546.521	4095.797	2505.205	3906.606	4135.677	2668.779	2548.692	2640.665	2683.791	2699.259	4000.483	3933.219	2710.471	4212.902	4116.933	4136.514	2729.475	4064.2	4433.422	2673.441	2711.349	2682.615	4092.692	4146.96	3954.895	3931.338	2728.437	2764.903	4169.808	4066.775	2294.934	3957.62	2770.054	2765.286	2716.672	2786.872	4011.692	3879.193	2699.454	2758.946	3930.321	3854.801	3969.228	2744.068	4040.229	4100.7	2664.264	2782.841	2669.54	2721.674	2726.703	3993.363	3904.968	4103.088	2396.501	2742.752	2724.806	2686.549	2784.815	2741.956	3961.174	2757.419	2786.254	2681.817	2807.94	4091.656	
Six_zebra_models48110.py	354.738	4455.34	4471.62	359.031	4498.627	4526.494	0.0	556.389	4518.652	477.209	4103.299	4434.214	2491.748	4091.748	4547.203	2699.426	2705.203	4206.978	2739.979	4089.916	2479.519	2778.678	2710.234	4144.834	4190.709	2780.928	4167.247	2489.36	2745.145	4217.369	4162.777	4220.028	4108.333	4059.682	2742.271	2641.451	4156.63	2721.087	2794.938	2742.015	4084.912	2698.423	745.295	4194.982	4099.06	4161.938	2627.012	2758.638	2791.118	2709.19	4082.574	4187.583	2779.191	2715.643	4056.093	2790.765	4084.646	4219.497	4230.017	4125.09	2785.519	2784.465	3988.574	4198.029	2755.533	2744.662	2687.251	4119.854	2675.876	2782.298	4248.61	4171.777	4283.675	4084.103	4264.138	2811.407	2821.13	2786.434	4165.368	4046.838	3976.64	4130.954	4179.9	4074.462	2609.907	4179.306	4093.603	3931.406	4083.971	2763.418	
Six_zebra_models16368.py	583.334	4367.406	4380.223	463.458	4420.897	4441.728	556.389	0.0	4438.476	426.158	3964.287	4365.832	2540.395	3931.006	4488.88	2760.545	2765.491	4053.473	2795.436	3939.006	2543.829	2822.349	2765.528	4009.99	4019.705	2845.118	4045.155	2529.35	2825.983	4082.398	4018.357	4061.763	3972.309	3884.865	2815.098	2690.443	4023.279	2800.383	2866.728	2789.695	3934.655	2758.066	334.67	4064.211	3931.605	4011.681	2707.207	2840.042	2852.162	2768.608	3907.044	4058.821	2852.072	2757.055	3890.674	2820.318	3946.14	4075.376	4080.589	3979.404	2858.023	2842.703	3804.113	4062.398	2810.747	2785.731	2724.2	3968.787	2757.892	2859.262	4111.14	4032.506	4145.558	3902.497	4126.841	2863.604	2882.125	2836.419	4032.242	3876.562	3809.606	3976.846	4033.653	3925.48	2673.559	4027.946	3921.951	3770.798	3938.756	2834.813	
Six_zebra_models8148.py	4426.05	456.801	466.695	4388.64	363.289	528.538	4518.652	4438.476	0.0	4367.434	2714.72	328.327	3897.508	2706.974	316.43	3821.182	3940.719	2675.21	3839.104	2517.625	3971.566	3902.878	3952.546	2829.689	2651.784	3967.083	2621.832	3812.324	4017.713	2800.386	2695.197	2779.933	2835.911	2794.505	3875.844	3825.897	2857.734	4081.399	3980.914	4001.205	2858.387	3946.439	4427.863	2806.951	2835.247	2830.787	3986.428	4017.023	3837.228	3831.375	2834.0	2916.658	4035.114	3938.491	2322.84	3830.313	2891.091	2913.404	2861.359	2931.2	3897.133	3766.162	2770.166	2893.138	3824.154	3748.202	3863.367	2870.921	3927.05	3961.876	2820.488	2921.305	2834.005	2807.839	2868.725	3868.585	3793.645	3964.647	2503.757	2858.279	2822.154	2819.885	2897.295	2835.483	3863.957	2897.343	2889.002	2747.863	2943.178	3964.921	
Six_zebra_models47909.py	560.431	4301.772	4333.628	432.344	4357.16	4389.183	477.209	426.158	4367.434	0.0	3918.612	4299.836	2467.975	3898.481	4412.107	2681.178	2717.443	4016.135	2727.554	3902.573	2482.929	2783.351	2724.407	3968.087	3980.571	2807.853	3991.133	2474.102	2790.951	4026.366	3968.23	4019.71	3928.741	3861.279	2731.935	2614.585	3969.438	2775.244	2811.084	2754.635	3896.369	2709.587	509.834	4013.469	3895.142	3977.257	2669.051	2795.435	2781.756	2685.489	3874.718	4011.779	2815.106	2717.393	3848.953	2775.671	3897.693	4027.096	4034.953	3933.271	2787.747	2759.614	3774.684	4008.247	2732.286	2704.404	2669.797	3931.709	2689.036	2809.058	4061.871	3988.469	4098.809	3873.811	4072.041	2812.299	2795.007	2794.541	3982.567	3839.839	3778.898	3935.378	3982.467	3878.185	2593.751	3979.913	3890.428	3739.081	3897.561	2791.704	
Six_zebra_models47696.py	4054.389	2598.245	2514.544	3992.292	2561.718	2583.528	4103.299	3964.287	2714.72	3918.612	0.0	2685.147	4347.873	480.651	2840.682	4405.463	4579.5	569.668	4480.424	441.954	4408.161	4614.266	4599.075	544.896	841.125	4666.887	395.409	4295.391	4669.187	626.048	408.689	564.84	355.098	829.604	4448.248	4340.108	342.489	4720.082	4636.159	4648.946	308.967	4561.492	3888.648	515.976	608.457	555.986	4564.949	4660.365	4489.095	4374.85	799.525	529.157	4701.135	4611.193	980.844	4550.716	316.924	447.524	531.071	432.279	4533.66	4390.157	895.715	405.801	4422.752	4343.266	4473.914	567.963	4472.088	4628.704	482.323	557.467	628.827	839.934	576.961	4581.941	4421.124	4645.286	367.736	721.465	652.349	406.18	708.522	715.507	4348.942	533.891	834.244	766.306	368.271	4647.7	
Six_zebra_models22688.py	4341.164	476.65	397.733	4310.622	364.55	463.447	4434.214	4365.832	328.327	4299.836	2685.147	0.0	3818.005	2687.432	366.489	3744.308	3868.005	2664.055	3765.592	2491.504	3885.77	3840.068	3876.036	2807.316	2664.03	3898.8	2599.295	3727.949	3939.837	2794.677	2676.665	2773.663	2799.663	2781.091	3814.491	3748.73	2835.373	4013.513	3923.123	3948.932	2833.238	3873.952	4365.184	2792.92	2821.216	2801.463	3895.73	3949.16	3762.956	3750.814	2829.829	2886.777	3969.567	3877.322	2336.416	3768.338	2870.17	2899.109	2853.844	2906.674	3817.633	3689.829	2773.524	2882.948	3741.922	3674.143	3785.083	2853.178	3844.357	3900.821	2803.764	2900.59	2818.243	2810.748	2865.29	3795.671	3716.452	3912.082	2486.156	2844.59	2803.894	2803.053	2898.66	2829.534	3782.486	2884.647	2884.448	2731.08	2914.15	3890.278	
Six_zebra_models48658.py	2408.491	3906.878	3938.357	2462.494	3933.744	3996.952	2491.748	2540.395	3897.508	2467.975	4347.873	3818.005	0.0	4302.949	3894.69	378.788	554.326	4397.15	434.812	4216.589	343.513	789.603	551.766	4419.225	4316.257	833.487	4351.114	490.811	903.537	4474.297	4381.316	4461.961	4424.271	4269.163	818.084	280.835	4472.95	1050.502	1011.854	1057.985	4398.026	783.583	2604.181	4495.667	4355.365	4436.344	693.871	938.173	466.959	429.175	4310.37	4543.495	1015.746	774.711	4050.106	714.391	4428.205	4542.258	4512.013	4483.421	566.044	453.874	4160.819	4519.081	404.399	478.485	403.822	4435.779	548.379	951.159	4520.497	4522.92	4565.135	4291.236	4553.849	606.373	510.799	972.512	4304.921	4313.516	4243.973	4409.744	4471.138	4313.433	487.087	4485.659	4355.865	4148.305	4461.626	714.349	
Six_zebra_models6070.py	4038.892	2593.212	2505.579	3973.887	2579.057	2590.351	4091.748	3931.006	2706.974	3898.481	480.651	2687.432	4302.949	0.0	2834.259	4370.501	4534.157	425.457	4435.312	403.031	4378.012	4580.039	4553.396	665.7	570.029	4632.686	780.655	4263.117	4649.309	800.364	519.889	440.322	540.135	454.531	4443.841	4297.749	644.731	4710.535	4632.551	4626.671	381.082	4550.202	3856.175	751.069	377.631	337.538	4539.197	4651.221	4440.105	4339.811	495.235	728.891	4696.653	4565.468	728.676	4499.514	602.869	549.383	553.055	582.492	4503.039	4349.79	628.334	657.471	4382.907	4297.302	4416.343	517.788	4452.988	4621.465	657.915	674.559	679.883	485.433	758.125	4533.97	4384.031	4620.934	584.328	485.893	390.559	352.54	785.216	760.306	4322.248	580.928	556.461	659.789	500.309	4615.474	
Six_zebra_models49145.py	4458.896	577.486	602.025	4424.074	486.355	617.981	4547.203	4488.88	316.43	4412.107	2840.682	366.489	3894.69	2834.259	0.0	3812.268	3931.708	2801.237	3826.606	2641.916	3973.096	3896.315	3941.882	2964.259	2791.726	3955.872	2749.872	3801.655	4004.885	2934.045	2814.351	2904.406	2954.435	2929.412	3879.088	3822.961	2979.657	4079.8	3984.281	4003.531	2986.625	3943.475	4488.333	2933.193	2969.622	2948.36	3974.456	4015.44	3822.535	3822.337	2974.094	3034.393	4036.39	3931.173	2454.831	3818.804	3020.829	3035.501	2989.106	3057.624	3887.539	3753.984	2924.54	3023.535	3812.896	3735.851	3850.659	2996.491	3924.49	3963.39	2943.333	3045.757	2948.1	2950.062	2999.571	3854.426	3783.303	3965.219	2621.927	2995.909	2957.525	2947.53	3039.818	2987.121	3856.886	3028.379	3027.689	2893.625	3064.846	3954.674	
Six_zebra_models37407.py	2603.122	3845.678	3877.92	2654.389	3863.849	3932.12	2699.426	2760.545	3821.182	2681.178	4405.463	3744.308	378.788	4370.501	3812.268	0.0	429.007	4447.006	214.108	4271.88	467.694	635.865	457.684	4464.772	4370.207	687.576	4392.554	531.715	788.613	4515.199	4440.946	4519.746	4486.518	4337.947	647.014	245.69	4533.233	931.042	853.819	965.097	4466.298	670.287	2838.122	4539.319	4420.319	4501.322	614.018	776.937	289.13	343.429	4376.161	4597.427	865.59	668.172	4104.034	589.234	4490.46	4603.608	4567.375	4544.857	297.875	190.624	4225.86	4573.838	260.71	362.316	397.423	4494.411	404.969	762.847	4570.157	4577.307	4617.028	4357.446	4600.978	448.152	237.948	855.959	4352.841	4381.151	4318.886	4474.095	4515.326	4359.038	492.004	4540.722	4417.208	4206.831	4531.995	545.248	
Six_zebra_models10562.py	2608.552	3974.452	3996.706	2662.862	3996.671	4063.619	2705.203	2765.491	3940.719	2717.443	4579.5	3868.005	554.326	4534.157	3931.708	429.007	0.0	4611.902	308.783	4437.144	552.822	431.086	135.101	4637.588	4530.191	463.113	4571.22	672.402	618.541	4693.796	4617.182	4689.981	4658.282	4490.369	763.802	525.883	4711.379	683.869	753.202	797.748	4636.981	611.769	2863.017	4712.218	4588.382	4668.969	414.577	615.476	391.959	662.365	4535.466	4771.941	665.338	426.636	4251.337	474.592	4666.993	4781.352	4740.059	4720.063	379.36	500.669	4377.681	4755.358	525.332	638.575	450.794	4658.568	466.882	574.243	4745.98	4747.018	4789.053	4515.91	4779.08	278.676	557.368	702.352	4524.164	4546.63	4479.171	4650.199	4690.993	4526.995	742.855	4717.818	4576.275	4361.895	4703.4	245.69	
Six_zebra_models18520.py	4156.788	2539.275	2476.341	4088.901	2538.793	2541.661	4206.978	4053.473	2675.21	4016.135	569.668	2664.055	4397.15	425.457	2801.237	4447.006	4611.902	0.0	4513.957	572.113	4473.201	4639.225	4635.1	535.866	416.606	4689.139	754.636	4332.272	4700.171	559.805	498.369	301.066	535.942	575.518	4487.415	4381.482	606.46	4758.142	4669.942	4664.325	553.064	4602.33	3976.2	562.896	403.879	344.007	4609.544	4697.399	4525.782	4417.711	508.52	594.604	4745.014	4624.689	756.076	4565.415	668.75	495.313	369.101	539.952	4571.886	4429.222	702.501	606.585	4467.692	4374.114	4498.9	391.848	4533.033	4670.337	496.377	522.407	457.461	606.902	564.782	4610.392	4458.6	4667.438	659.34	529.259	626.493	469.189	591.292	641.283	4392.564	441.278	522.072	728.147	605.229	4686.174	
Six_zebra_models19053.py	2649.101	3866.997	3897.61	2693.827	3889.385	3956.622	2739.979	2795.436	3839.104	2727.554	4480.424	3765.592	434.812	4435.312	3826.606	214.108	308.783	4513.957	0.0	4339.525	535.235	524.333	320.828	4539.964	4431.603	588.796	4472.222	561.672	727.767	4592.96	4513.316	4588.377	4560.519	4395.479	694.451	356.59	4610.779	875.317	828.139	902.687	4538.026	643.839	2876.833	4615.377	4487.393	4568.826	571.051	737.51	206.909	437.888	4437.401	4674.747	811.713	555.206	4156.138	463.625	4567.353	4678.132	4639.526	4620.552	296.942	244.95	4284.213	4652.184	318.524	408.484	337.986	4563.841	462.056	717.075	4646.634	4650.457	4689.569	4416.391	4678.113	304.762	332.444	781.815	4423.792	4447.762	4382.427	4545.862	4590.713	4431.031	586.654	4615.476	4479.497	4271.496	4605.47	437.747	
Six_zebra_models34481.py	4030.053	2429.858	2324.129	3969.675	2382.132	2409.789	4089.916	3939.006	2517.625	3902.573	441.954	2491.504	4216.589	403.031	2641.916	4271.88	4437.144	572.113	4339.525	0.0	4280.879	4478.359	4453.887	719.759	747.711	4533.921	599.754	4172.862	4547.918	858.73	575.909	661.468	650.291	704.127	4344.122	4204.347	705.914	4604.402	4528.382	4532.921	522.532	4449.017	3878.598	786.221	642.797	606.973	4433.695	4543.976	4345.768	4249.554	778.665	821.552	4585.785	4475.537	725.042	4405.833	659.243	731.291	747.007	725.65	4403.005	4250.795	805.019	753.978	4287.747	4205.155	4328.299	712.125	4345.884	4509.626	743.904	822.317	828.744	732.577	858.013	4435.085	4285.439	4523.625	369.531	728.874	596.474	553.026	909.135	830.649	4233.101	759.059	827.812	698.224	643.689	4509.663	
Six_zebra_models20028.py	2380.546	3990.131	4006.114	2450.895	4004.459	4071.913	2479.519	2543.829	3971.566	2482.929	4408.161	3885.77	343.513	4378.012	3973.096	467.694	552.822	4473.201	535.235	4280.879	0.0	850.404	546.2	4479.676	4398.953	883.779	4403.613	657.736	924.338	4541.767	4453.917	4541.923	4489.482	4348.491	884.76	419.351	4537.094	989.954	1027.841	1128.555	4462.781	828.722	2628.612	4559.815	4432.335	4511.751	598.29	890.731	586.632	613.419	4390.817	4606.733	953.752	864.807	4136.179	873.07	4487.928	4614.349	4586.023	4549.844	554.133	555.659	4238.96	4584.016	528.221	707.199	603.236	4508.121	366.317	902.934	4589.872	4590.25	4641.352	4371.665	4623.24	680.057	588.66	1047.454	4367.728	4389.651	4318.163	4481.676	4539.964	4376.647	662.595	4557.724	4434.231	4213.718	4524.757	662.954	
Six_zebra_models23114.py	2694.6	3936.818	3972.23	2739.93	3967.831	4035.111	2778.678	2822.349	3902.878	2783.351	4614.266	3840.068	789.603	4580.039	3896.315	635.865	431.086	4639.225	524.333	4478.359	850.404	0.0	434.763	4654.912	4566.787	184.306	4588.706	705.049	378.793	4700.725	4646.31	4717.332	4688.121	4542.628	607.321	746.091	4739.774	512.789	473.949	458.727	4678.936	382.683	2911.802	4717.841	4629.764	4713.975	567.868	431.117	627.756	748.609	4581.053	4787.469	456.397	310.15	4280.4	301.586	4698.876	4815.079	4765.969	4751.105	535.802	706.775	4418.583	4779.898	733.406	725.227	584.609	4680.5	742.568	404.42	4760.566	4762.989	4803.624	4566.264	4790.821	407.08	735.715	341.637	4556.894	4593.86	4533.724	4689.334	4701.989	4551.437	784.56	4745.051	4613.098	4395.581	4743.668	364.378	
Six_zebra_models19885.py	2617.044	3985.972	4004.095	2672.192	4007.201	4072.584	2710.234	2765.528	3952.546	2724.407	4599.075	3876.036	551.766	4553.396	3941.882	457.684	135.101	4635.1	320.828	4453.887	546.2	434.763	0.0	4660.609	4555.242	473.25	4591.608	664.0	610.723	4720.296	4637.032	4712.875	4678.511	4511.247	801.531	540.312	4733.071	706.406	785.675	823.502	4656.127	614.302	2862.041	4735.713	4610.349	4689.505	401.321	638.325	402.563	661.417	4558.972	4793.365	677.633	477.213	4272.108	477.757	4687.947	4804.092	4764.734	4742.242	398.426	512.44	4400.37	4778.777	524.139	648.014	433.121	4681.548	483.989	616.276	4768.971	4769.86	4812.125	4537.24	4804.606	261.752	572.767	721.519	4542.593	4569.338	4499.295	4670.663	4718.059	4553.244	746.203	4742.087	4599.878	4383.545	4722.515	243.936	
Six_zebra_models41696.py	4098.011	2706.876	2633.748	4044.138	2692.845	2706.165	4144.834	4009.99	2829.689	3968.087	544.896	2807.316	4419.225	665.7	2964.259	4464.772	4637.588	535.866	4539.964	719.759	4479.676	4654.912	4660.609	0.0	808.147	4699.661	598.323	4345.686	4693.247	425.133	656.681	617.916	485.778	809.249	4457.847	4399.045	540.393	4748.195	4643.867	4663.324	527.246	4590.33	3934.153	361.85	599.823	589.554	4614.591	4675.491	4556.56	4423.721	750.505	404.009	4724.568	4656.656	1059.188	4598.407	477.088	574.61	515.262	484.369	4576.4	4451.649	846.345	490.073	4489.231	4400.451	4530.135	389.268	4531.229	4659.018	515.534	370.55	606.175	836.902	503.144	4637.604	4471.76	4664.969	763.171	716.873	752.844	571.597	424.8	467.893	4387.407	500.431	673.126	662.088	536.634	4697.474	
Six_zebra_models557.py	4141.685	2507.245	2484.238	4061.486	2539.065	2546.521	4190.709	4019.705	2651.784	3980.571	841.125	2664.03	4316.257	570.029	2791.726	4370.207	4530.191	416.606	4431.603	747.711	4398.953	4566.787	4555.242	808.147	0.0	4621.509	1025.397	4278.417	4651.197	773.386	707.178	496.64	821.355	479.258	4422.051	4298.147	865.981	4708.546	4606.843	4600.996	772.3	4544.303	3942.712	864.473	453.44	576.642	4556.141	4638.56	4441.172	4342.523	367.392	912.868	4685.18	4545.421	605.503	4483.474	899.583	752.502	612.988	777.752	4493.247	4348.825	507.93	856.782	4387.757	4295.194	4414.67	642.66	4461.667	4608.037	808.031	799.341	746.784	452.033	810.844	4528.142	4376.331	4595.174	886.454	449.006	599.746	653.925	737.263	693.24	4328.975	635.983	466.58	728.405	841.471	4613.097	
Six_zebra_models36599.py	2697.776	4000.999	4031.509	2755.971	4031.615	4095.797	2780.928	2845.118	3967.083	2807.853	4666.887	3898.8	833.487	4632.686	3955.872	687.576	463.113	4689.139	588.796	4533.921	883.779	184.306	473.25	4699.661	4621.509	0.0	4640.527	730.193	275.021	4748.554	4700.542	4768.759	4735.027	4594.028	624.795	788.908	4790.27	442.591	456.687	435.3	4730.629	386.651	2940.141	4764.377	4682.465	4761.097	536.999	385.668	680.51	782.114	4633.654	4830.162	441.05	338.577	4340.377	383.449	4750.241	4865.109	4815.294	4800.164	568.867	766.063	4474.04	4830.495	780.637	774.785	620.18	4726.085	775.357	410.551	4807.645	4807.324	4848.928	4621.637	4839.186	450.17	785.072	354.578	4613.195	4646.361	4587.46	4742.782	4749.982	4601.243	787.33	4795.515	4662.28	4447.684	4793.276	377.638	
Six_zebra_models49458.py	4115.557	2523.581	2440.307	4062.039	2466.841	2505.205	4167.247	4045.155	2621.832	3991.133	395.409	2599.295	4351.114	780.655	2749.872	4392.554	4571.22	754.636	4472.222	599.754	4403.613	4588.706	4591.608	598.323	1025.397	4640.527	0.0	4285.086	4635.655	623.792	604.106	792.627	586.35	1088.766	4402.338	4331.412	516.66	4680.462	4586.342	4611.401	626.908	4528.612	3974.805	508.027	889.023	840.085	4549.184	4616.351	4484.529	4363.091	1061.822	620.686	4656.373	4599.473	1105.501	4537.006	506.828	691.708	733.757	668.584	4515.558	4379.159	1113.571	534.107	4417.719	4335.187	4473.758	760.577	4452.947	4586.124	581.487	701.852	759.052	1095.489	629.316	4570.946	4405.951	4607.439	422.67	989.01	935.055	692.859	771.057	808.882	4330.665	748.322	1067.245	917.984	667.419	4627.001	
Six_zebra_models41516.py	2406.501	3815.868	3842.87	2461.928	3847.492	3906.606	2489.36	2529.35	3812.324	2474.102	4295.391	3727.949	490.811	4263.117	3801.655	531.715	672.402	4332.272	561.672	4172.862	657.736	705.049	664.0	4345.686	4278.417	730.193	4285.086	0.0	741.044	4399.754	4326.395	4405.341	4357.779	4241.068	695.499	523.149	4415.181	952.188	881.696	891.954	4354.804	634.235	2584.855	4410.298	4317.213	4385.234	672.755	834.821	651.064	507.574	4279.94	4461.565	940.65	725.026	4006.925	639.068	4378.052	4489.207	4452.452	4428.292	667.365	605.026	4137.87	4462.686	598.216	500.226	482.228	4365.228	740.444	895.829	4447.895	4445.34	4484.917	4271.607	4483.815	668.714	659.422	856.084	4251.173	4286.975	4222.092	4366.305	4406.68	4265.595	394.794	4431.909	4315.618	4108.751	4413.361	756.027	
Six_zebra_models11123.py	2665.379	4048.215	4071.109	2738.507	4075.753	4135.677	2745.145	2825.983	4017.713	2790.951	4669.187	3939.837	903.537	4649.309	4004.885	788.613	618.541	4700.171	727.767	4547.918	924.338	378.793	610.723	4693.247	4651.197	275.021	4635.655	741.044	0.0	4748.291	4708.702	4782.009	4731.901	4621.495	633.957	878.325	4789.028	409.772	441.548	449.336	4736.814	348.737	2919.428	4756.981	4699.409	4770.158	526.148	344.899	817.937	832.043	4659.944	4819.352	417.35	532.598	4375.397	574.487	4750.686	4870.26	4822.1	4802.862	653.128	877.97	4504.615	4831.121	874.318	879.43	722.808	4728.928	822.7	459.518	4804.876	4803.067	4847.96	4654.153	4838.869	612.161	881.874	423.227	4622.362	4669.348	4611.755	4753.565	4754.775	4611.125	791.094	4802.816	4683.252	4463.043	4795.292	497.648	
Six_zebra_models27943.py	4178.623	2650.764	2623.383	4111.296	2650.691	2668.779	4217.369	4082.398	2800.386	4026.366	626.048	2794.677	4474.297	800.364	2934.045	4515.199	4693.796	559.805	4592.96	858.73	4541.767	4700.725	4720.296	425.133	773.386	4748.554	623.792	4399.754	4748.291	0.0	569.503	540.687	526.887	952.11	4493.837	4452.806	468.463	4796.872	4681.016	4698.65	663.877	4635.306	3996.084	264.204	675.302	702.681	4683.952	4724.8	4612.257	4475.822	804.467	391.703	4771.977	4699.513	1106.526	4643.486	554.393	512.686	405.173	463.822	4630.746	4504.887	944.147	409.8	4544.989	4449.079	4586.817	468.327	4590.935	4702.977	375.189	352.238	453.876	941.752	245.85	4693.81	4523.563	4701.508	801.378	760.942	888.727	624.881	285.135	549.558	4437.627	418.209	758.488	877.61	645.458	4754.329	
Six_zebra_models43232.py	4121.05	2541.99	2496.833	4051.72	2532.381	2548.692	4162.777	4018.357	2695.197	3968.23	408.689	2676.665	4381.316	519.889	2814.351	4440.946	4617.182	498.369	4513.316	575.909	4453.917	4646.31	4637.032	656.681	707.178	4700.542	604.106	4326.395	4708.702	569.503	0.0	398.839	354.231	829.718	4488.341	4378.205	355.867	4762.214	4678.693	4679.714	449.63	4601.661	3933.95	547.965	557.504	509.46	4613.111	4703.767	4525.563	4410.214	735.646	542.274	4746.974	4639.354	957.926	4576.922	509.662	410.608	424.262	459.401	4576.23	4426.724	908.766	457.465	4464.094	4374.564	4503.455	562.566	4522.264	4672.683	418.769	551.67	438.148	833.086	504.898	4619.515	4459.423	4676.873	520.061	670.621	706.308	364.587	698.648	801.066	4383.632	505.606	796.982	919.27	497.298	4688.653	
Six_zebra_models35444.py	4176.018	2634.023	2586.064	4101.425	2634.802	2640.665	4220.028	4061.763	2779.933	4019.71	564.84	2773.663	4461.961	440.322	2904.406	4519.746	4689.981	301.066	4588.377	661.468	4541.923	4717.332	4712.875	617.916	496.64	4768.759	792.627	4405.341	4782.009	540.687	398.839	0.0	485.649	637.393	4561.845	4453.002	523.66	4839.065	4750.411	4741.432	494.2	4679.343	3975.466	562.527	368.614	363.217	4694.774	4780.103	4600.65	4485.242	512.326	544.489	4827.302	4700.697	871.12	4641.1	603.714	347.176	244.162	427.333	4649.834	4503.912	746.457	503.513	4540.702	4444.737	4570.641	362.424	4610.992	4752.364	405.456	465.193	354.579	616.695	467.889	4690.087	4532.877	4742.916	695.764	490.701	629.24	350.878	552.484	720.75	4461.152	326.56	521.302	837.677	520.168	4766.755	
Six_zebra_models20594.py	4066.505	2687.821	2617.31	4005.193	2677.883	2683.791	4108.333	3972.309	2835.911	3928.741	355.098	2799.663	4424.271	540.135	2954.435	4486.518	4658.282	535.942	4560.519	650.291	4489.482	4688.121	4678.511	485.778	821.355	4735.027	586.35	4357.779	4731.901	526.887	354.231	485.649	0.0	813.875	4521.542	4422.995	268.847	4782.134	4707.24	4711.569	336.366	4632.098	3887.417	429.025	556.634	450.468	4636.108	4728.095	4574.094	4453.954	740.346	334.513	4772.932	4680.753	1086.763	4626.946	366.892	358.427	413.883	321.728	4616.075	4476.241	927.054	374.686	4509.725	4425.672	4550.297	447.973	4557.16	4704.496	395.422	361.688	435.623	860.921	471.889	4664.989	4507.435	4715.032	618.856	682.466	688.487	372.519	623.37	718.239	4417.678	468.772	761.824	852.639	340.635	4725.273	
Six_zebra_models7301.py	4008.277	2673.37	2605.681	3933.764	2692.706	2699.259	4059.682	3884.865	2794.505	3861.279	829.604	2781.091	4269.163	454.531	2929.412	4337.947	4490.369	575.518	4395.479	704.127	4348.491	4542.628	4511.247	809.249	479.258	4594.028	1088.766	4241.068	4621.495	952.11	829.718	637.393	813.875	0.0	4411.927	4260.395	927.12	4682.933	4596.057	4589.383	663.995	4521.973	3815.394	968.493	392.941	510.856	4511.787	4617.352	4400.303	4307.31	278.347	943.355	4664.006	4518.947	679.563	4456.253	859.213	802.386	746.958	772.543	4461.614	4314.597	380.449	925.549	4347.463	4262.54	4372.09	636.481	4424.092	4591.858	934.452	830.822	906.863	233.965	970.832	4490.465	4344.14	4580.633	934.531	372.61	346.121	629.252	851.415	721.761	4295.503	724.854	363.458	551.099	742.963	4577.207	
Six_zebra_models49742.py	2670.501	3894.314	3951.664	2721.827	3924.612	4000.483	2742.271	2815.098	3875.844	2731.935	4448.248	3814.491	818.084	4443.841	3879.088	647.014	763.802	4487.415	694.451	4344.122	884.76	607.321	801.531	4457.847	4422.051	624.795	4402.338	695.499	633.957	4493.837	4488.341	4561.845	4521.542	4411.927	0.0	714.689	4556.749	781.688	429.53	649.379	4515.806	412.926	2879.284	4528.204	4471.745	4564.39	816.851	554.257	783.809	615.892	4431.943	4601.533	659.946	726.196	4171.419	672.208	4510.715	4638.362	4589.901	4569.558	598.164	723.919	4273.726	4584.5	757.469	688.784	760.505	4509.996	768.284	588.729	4582.794	4578.666	4639.015	4427.073	4593.947	730.795	687.148	557.84	4411.785	4436.505	4388.64	4528.114	4491.926	4348.994	571.458	4559.864	4454.064	4231.798	4574.526	731.257	
Six_zebra_models6845.py	2547.595	3845.464	3876.854	2603.319	3865.489	3933.219	2641.451	2690.443	3825.897	2614.585	4340.108	3748.73	280.835	4297.749	3822.961	245.69	525.883	4381.482	356.59	4204.347	419.351	746.091	540.312	4399.045	4298.147	788.908	4331.412	523.149	878.325	4452.806	4378.205	4453.002	4422.995	4260.395	714.689	0.0	4467.396	1030.912	941.903	1041.751	4394.497	755.732	2757.075	4479.846	4347.773	4430.082	696.389	882.157	367.167	329.93	4301.143	4535.068	968.407	770.146	4035.879	665.196	4420.383	4534.704	4501.006	4476.954	436.892	286.333	4149.752	4506.598	277.71	356.186	391.488	4426.555	470.004	883.459	4509.093	4513.962	4557.289	4278.686	4537.865	525.693	309.778	933.798	4291.049	4304.751	4239.107	4404.091	4448.022	4288.761	446.205	4472.38	4342.738	4132.059	4460.226	661.291	
Six_zebra_models26054.py	4120.197	2713.048	2659.265	4053.279	2696.054	2710.471	4156.63	4023.279	2857.734	3969.438	342.489	2835.373	4472.95	644.731	2979.657	4533.233	4711.379	606.46	4610.779	705.914	4537.094	4739.774	4733.071	540.393	865.981	4790.27	516.66	4415.181	4789.028	468.463	355.867	523.66	268.847	927.12	4556.749	4467.396	0.0	4836.709	4746.884	4759.975	391.256	4678.641	3934.881	391.86	632.634	576.473	4696.475	4776.73	4622.352	4498.055	823.031	364.677	4818.841	4735.655	1147.121	4678.687	296.164	299.01	399.633	297.936	4661.476	4521.007	987.481	241.347	4554.584	4471.08	4604.276	524.944	4601.284	4748.769	355.197	409.185	471.658	930.054	378.308	4716.061	4548.776	4759.59	594.524	742.182	761.157	432.594	593.235	707.393	4464.165	436.726	845.39	908.804	353.927	4777.945	
Six_zebra_models7326.py	2621.892	4119.687	4138.598	2697.914	4146.68	4212.902	2721.087	2800.383	4081.399	2775.244	4720.082	4013.513	1050.502	4710.535	4079.8	931.042	683.869	4758.142	875.317	4604.402	989.954	512.789	706.406	4748.195	4708.546	442.591	4680.462	952.188	409.772	4796.872	4762.214	4839.065	4782.134	4682.933	781.688	1030.912	4836.709	0.0	480.753	493.171	4790.619	547.47	2912.179	4801.902	4760.199	4834.238	587.522	290.765	986.373	1067.759	4719.041	4869.256	271.326	581.154	4433.838	783.675	4799.272	4924.626	4875.717	4854.047	791.053	1043.162	4561.082	4880.429	1058.938	1112.465	951.016	4784.479	870.237	364.968	4855.937	4852.601	4900.164	4716.008	4886.287	788.422	1051.777	531.879	4672.122	4729.07	4670.789	4810.535	4805.731	4661.932	1031.064	4859.1	4744.59	4517.644	4847.74	547.64	
Six_zebra_models31012.py	2721.128	4009.472	4059.352	2775.105	4044.782	4116.933	2794.938	2866.728	3980.914	2811.084	4636.159	3923.123	1011.854	4632.551	3984.281	853.819	753.202	4669.942	828.139	4528.382	1027.841	473.949	785.675	4643.867	4606.843	456.687	4586.342	881.696	441.548	4681.016	4678.693	4750.411	4707.24	4596.057	429.53	941.903	4746.884	480.753	0.0	365.21	4707.244	347.851	2950.156	4707.294	4663.532	4755.003	756.336	324.959	923.781	902.361	4619.888	4785.222	358.363	611.267	4342.161	669.505	4702.845	4832.846	4779.195	4760.634	718.455	938.672	4454.839	4778.812	958.812	940.87	888.996	4693.234	884.18	347.69	4767.809	4761.469	4821.856	4616.929	4781.787	747.183	916.842	317.298	4594.849	4628.381	4579.516	4724.059	4681.595	4534.211	859.959	4753.047	4641.35	4411.042	4764.989	647.345	
Six_zebra_models13643.py	2668.973	4026.291	4074.597	2717.08	4072.19	4136.514	2742.015	2789.695	4001.205	2754.635	4648.946	3948.932	1057.985	4626.671	4003.531	965.097	797.748	4664.325	902.687	4532.921	1128.555	458.727	823.502	4663.324	4600.996	435.3	4611.401	891.954	449.336	4698.65	4679.714	4741.432	4711.569	4589.383	649.379	1041.751	4759.975	493.171	365.21	0.0	4716.124	467.667	2870.088	4716.192	4664.319	4751.102	816.714	485.808	1006.92	1008.111	4617.742	4791.734	505.12	508.81	4324.18	619.097	4722.391	4837.904	4781.053	4770.711	880.406	1058.166	4454.712	4795.258	1074.229	1004.666	893.789	4690.597	1060.131	514.924	4769.367	4766.7	4812.073	4614.106	4792.104	805.805	1065.763	243.913	4603.785	4631.515	4582.866	4727.232	4700.598	4563.493	954.795	4761.774	4640.333	4424.544	4773.367	736.486	
Six_zebra_models6913.py	4041.943	2734.474	2654.809	3975.48	2713.18	2729.475	4084.912	3934.655	2858.387	3896.369	308.967	2833.238	4398.026	381.082	2986.625	4466.298	4636.981	553.064	4538.026	522.532	4462.781	4678.936	4656.127	527.246	772.3	4730.629	626.908	4354.804	4736.814	663.877	449.63	494.2	336.366	663.995	4515.806	4394.497	391.256	4790.619	4707.244	4716.124	0.0	4630.676	3854.991	580.097	443.874	422.913	4630.055	4729.124	4545.491	4431.189	634.074	522.865	4772.509	4671.93	998.114	4609.597	277.984	384.985	475.749	336.068	4594.962	4449.838	769.062	419.495	4481.339	4400.726	4525.605	455.101	4535.274	4701.757	533.93	492.873	626.302	675.174	597.638	4640.706	4479.638	4710.377	574.94	556.727	473.55	260.684	657.661	664.495	4406.046	466.372	655.581	690.762	187.863	4710.282	
Six_zebra_models33241.py	2623.057	3965.292	4006.331	2681.118	3998.986	4064.2	2698.423	2758.066	3946.439	2709.587	4561.492	3873.952	783.583	4550.202	3943.475	670.287	611.769	4602.33	643.839	4449.017	828.722	382.683	614.302	4590.33	4544.303	386.651	4528.612	634.235	348.737	4635.306	4601.661	4679.343	4632.098	4521.973	412.926	755.732	4678.641	547.47	347.851	467.667	4630.676	0.0	2836.086	4654.683	4589.75	4675.048	583.772	384.366	748.197	679.882	4549.819	4722.13	449.108	530.618	4272.123	533.024	4637.179	4762.498	4714.596	4692.91	556.009	763.513	4389.026	4718.655	750.99	748.033	665.206	4628.493	735.739	451.007	4704.392	4700.237	4754.931	4546.072	4729.453	584.694	759.099	400.982	4521.013	4557.372	4502.788	4647.76	4638.468	4490.176	636.516	4689.419	4577.136	4350.593	4689.051	538.993	
Six_zebra_models10463.py	811.335	4350.055	4369.75	701.077	4415.278	4433.422	745.295	334.67	4427.863	509.834	3888.648	4365.184	2604.181	3856.175	4488.333	2838.122	2863.017	3976.2	2876.833	3878.598	2628.612	2911.802	2862.041	3934.153	3942.712	2940.141	3974.805	2584.855	2919.428	3996.084	3933.95	3975.466	3887.417	3815.394	2879.284	2757.075	3934.881	2912.179	2950.156	2870.088	3854.991	2836.086	0.0	3980.279	3851.636	3932.263	2811.898	2939.802	2930.399	2826.764	3828.199	3971.501	2956.951	2848.529	3830.82	2895.828	3864.388	3984.639	3990.433	3893.067	2949.64	2914.238	3733.369	3974.303	2880.143	2841.101	2792.718	3883.653	2852.781	2961.141	4022.315	3944.641	4053.899	3831.498	4034.083	2949.399	2954.219	2916.731	3967.724	3799.456	3738.828	3896.441	3947.712	3852.873	2722.262	3941.954	3843.818	3711.86	3856.114	2940.077	
Six_zebra_models32843.py	4152.828	2672.495	2615.418	4091.952	2657.16	2673.441	4194.982	4064.211	2806.951	4013.469	515.976	2792.92	4495.667	751.069	2933.193	4539.319	4712.218	562.896	4615.377	786.221	4559.815	4717.841	4735.713	361.85	864.473	4764.377	508.027	4410.298	4756.981	264.204	547.965	562.527	429.025	968.493	4528.204	4479.846	391.86	4801.902	4707.294	4716.192	580.097	4654.683	3980.279	0.0	706.333	662.708	4687.496	4742.121	4634.862	4504.82	865.966	269.265	4786.736	4718.32	1137.73	4664.863	459.138	462.703	424.2	433.596	4658.7	4529.861	1006.952	339.949	4569.917	4475.748	4609.579	449.074	4611.168	4720.043	313.289	298.161	433.497	973.853	264.671	4713.694	4554.656	4724.697	700.522	828.837	893.699	593.089	417.491	638.094	4463.388	469.233	817.648	894.654	554.303	4769.642	
Six_zebra_models43329.py	4054.153	2693.913	2644.364	3977.72	2707.134	2711.349	4099.06	3931.605	2835.247	3895.142	608.457	2821.216	4355.365	377.631	2969.622	4420.319	4588.382	403.879	4487.393	642.797	4432.335	4629.764	4610.349	599.823	453.44	4682.465	889.023	4317.213	4699.409	675.302	557.504	368.614	556.634	392.941	4471.745	4347.773	632.634	4760.199	4663.532	4664.319	443.874	4589.75	3851.636	706.333	0.0	346.066	4597.717	4691.558	4496.877	4383.165	264.891	676.729	4738.28	4611.45	804.675	4550.455	606.061	508.121	442.346	466.402	4543.982	4402.058	476.322	633.163	4434.594	4347.447	4467.727	397.95	4504.32	4665.535	645.731	558.706	637.582	380.168	673.227	4589.18	4428.076	4658.734	794.334	222.965	371.965	356.18	592.729	561.982	4365.893	390.868	314.935	581.227	491.014	4669.106	
Six_zebra_models8646.py	4116.153	2689.705	2613.196	4051.965	2689.414	2682.615	4161.938	4011.681	2830.787	3977.257	555.986	2801.463	4436.344	337.538	2948.36	4501.322	4668.969	344.007	4568.826	606.973	4511.751	4713.975	4689.505	589.554	576.642	4761.097	840.085	4385.234	4770.158	702.681	509.46	363.217	450.468	510.856	4564.39	4430.082	576.473	4834.238	4755.003	4751.102	422.913	4675.048	3932.263	662.708	346.066	0.0	4664.4	4773.464	4576.065	4466.895	488.327	577.667	4823.353	4697.253	904.692	4635.415	613.37	427.382	414.196	473.025	4630.199	4481.699	737.128	606.73	4514.85	4428.375	4548.466	401.014	4583.676	4751.428	561.114	523.904	508.104	582.202	652.865	4669.62	4511.309	4750.649	723.491	479.754	515.383	379.656	700.122	727.486	4442.477	470.847	515.512	763.446	459.631	4748.26	
Six_zebra_models17787.py	2525.573	4015.876	4020.286	2604.338	4035.589	4092.692	2627.012	2707.207	3986.428	2669.051	4564.949	3895.73	693.871	4539.197	3974.456	614.018	414.577	4609.544	571.051	4433.695	598.29	567.868	401.321	4614.591	4556.141	536.999	4549.184	672.755	526.148	4683.952	4613.111	4694.774	4636.108	4511.787	816.851	696.389	4696.475	587.522	756.336	816.714	4630.055	583.772	2811.898	4687.496	4597.717	4664.4	0.0	543.323	672.895	781.701	4558.074	4741.97	611.797	606.248	4279.271	706.746	4655.375	4777.652	4737.389	4710.724	512.911	703.592	4403.592	4747.267	704.636	823.77	633.348	4647.33	521.238	584.689	4728.848	4726.362	4773.309	4546.949	4769.33	533.587	737.789	791.785	4518.822	4565.365	4498.025	4652.495	4691.122	4530.076	782.052	4716.974	4592.931	4366.27	4690.505	382.533	
