0,0,0.0
0,1,-0.0467652949343
0,2,-0.107696944918
0,3,-0.207286752709
0,4,-0.220803479595
0,5,-0.196404212891
0,6,-0.152979399004
0,7,-0.186474844186
0,8,-0.18905876187
0,9,-0.188273412865
0,10,-0.186789595921
0,11,-0.400388131585
0,12,-0.444597244879
0,13,-0.522853282331
0,14,-0.580383223292
0,15,-0.743078999671
0,16,-0.644276035301
0,17,-0.489348086572
0,18,-0.523530911743
0,19,-0.494283596721
0,20,-0.444015271525
0,21,-0.407073717866
0,22,-0.420519652895
0,23,-0.355472180494
0,24,-0.374497324958
0,25,-0.417989779932
0,26,-0.515095704172
0,27,-0.566639463015
0,28,-0.472220420274
0,29,-0.460100004553
0,30,-0.345489018726
0,31,-0.256358949081
0,32,-0.221488635155
0,33,-0.374430898517
0,34,-0.446827795434
0,35,0.0168836263735
0,36,-0.127462799354
0,37,-0.0923693178097
0,38,-0.250468415657
0,39,-0.196480932115
0,40,-0.270916740153
0,41,-0.154227742825
0,42,-0.13850258721
0,43,-0.146185270084
0,44,-0.128260276135
0,45,-0.239377811425
0,46,-0.198714409575
0,47,-0.0320297526791
0,48,-0.0362518309827
0,49,-0.0991180581893
0,50,0.120687071052
0,51,-0.0754208742857
0,52,-0.179676486296
0,53,-0.0934645205883
0,54,-0.0218556156477
0,55,-0.119207219755
0,56,-0.119507553533
0,57,-0.128604590758
0,58,-0.160656297591
0,59,-0.151093726144
0,60,-0.0813526818432
0,61,-0.0616128167658
0,62,-0.205816516685
0,63,-0.357815446841
0,64,-0.0133014207965
0,65,-0.0734211906189
0,66,0.0373073401575
0,67,0.000587084171182
0,68,-0.0482441494958
0,69,0.0223382763461
0,70,-0.0387613385596
1,0,-0.0467652949343
1,1,0.0
1,2,-0.0161888575119
1,3,-0.0722945467284
1,4,-0.0651451475467
1,5,-0.0541800579912
1,6,-0.0600650438108
1,7,-0.102568369755
1,8,-0.0704970909455
1,9,-0.0578497361905
1,10,-0.0828079308745
1,11,-0.317491878828
1,12,-0.36006855915
1,13,-0.414920742382
1,14,-0.471723432074
1,15,-0.668764394349
1,16,-0.596298770468
1,17,-0.446525361936
1,18,-0.487834894836
1,19,-0.431407122485
1,20,-0.373231758256
1,21,-0.346107022569
1,22,-0.369690395315
1,23,-0.316049560151
1,24,-0.328105077689
1,25,-0.353720634015
1,26,-0.472027104945
1,27,-0.508715584686
1,28,-0.420615914335
1,29,-0.397492361548
1,30,-0.29096905078
1,31,-0.177171412447
1,32,-0.149531903945
1,33,-0.323923142971
1,34,-0.398881998703
1,35,0.0446780898825
1,36,-0.129908436088
1,37,-0.0847289730415
1,38,-0.23184994097
1,39,-0.166895230853
1,40,-0.233085609963
1,41,-0.0916459231805
1,42,-0.103267631941
1,43,-0.106373726137
1,44,-0.0894337639562
1,45,-0.186555825596
1,46,-0.154560970394
1,47,-0.00240013161473
1,48,-0.0164619814699
1,49,-0.07570798598
1,50,0.14948227799
1,51,-0.0410164299274
1,52,-0.128222129714
1,53,0.000992409385727
1,54,0.0733399507354
1,55,-0.0518470242049
1,56,-0.0426959192304
1,57,-0.066774793755
1,58,-0.107843865979
1,59,-0.0824046725316
1,60,-0.0120490077908
1,61,0.0126283212178
1,62,-0.139583131264
1,63,-0.296932010434
1,64,0.00106900411973
1,65,-0.0571445313925
1,66,0.0447614211825
1,67,0.00476047873091
1,68,-0.0454617191426
1,69,0.0400997157513
1,70,-0.0332499681125
2,0,-0.107696944918
2,1,-0.0161888575119
2,2,0.0
2,3,-0.0197417776916
2,4,-0.0261314552216
2,5,-0.0548305794788
2,6,-0.139061227514
2,7,-0.205315960176
2,8,-0.0916400547367
2,9,-0.0697364562702
2,10,-0.0795082936196
2,11,-0.298944500705
2,12,-0.293784417397
2,13,-0.311243600082
2,14,-0.31154885371
2,15,-0.461305671225
2,16,-0.40754685227
2,17,-0.29732840782
2,18,-0.365954893555
2,19,-0.312220456412
2,20,-0.299009578937
2,21,-0.227344484922
2,22,-0.267908843399
2,23,-0.209632878443
2,24,-0.178623579569
2,25,-0.149568645554
2,26,-0.31915116719
2,27,-0.391468668907
2,28,-0.31542002873
2,29,-0.310958116737
2,30,-0.20666848563
2,31,-0.102288503469
2,32,-0.0679738844855
2,33,-0.236138634598
2,34,-0.288739482741
2,35,0.185567194342
2,36,-0.0655156552365
2,37,0.0328050620371
2,38,-0.102086312768
2,39,-0.0367272976207
2,40,-0.130687574981
2,41,-0.00575574729764
2,42,-0.000723590747455
2,43,-0.0249024978086
2,44,0.0114233090943
2,45,-0.110885017332
2,46,-0.0803281301233
2,47,0.0779691863978
2,48,0.0417829652653
2,49,-0.0463656936503
2,50,0.172381067415
2,51,-0.0203031901828
2,52,-0.105033329299
2,53,0.0189303940783
2,54,0.0942292909956
2,55,-0.0221936650354
2,56,-0.0158231739523
2,57,-0.0431126863545
2,58,-0.0934999357866
2,59,-0.0542618494229
2,60,0.0324273025783
2,61,0.051379947276
2,62,-0.121315773554
2,63,-0.242774480746
2,64,0.0831506754743
2,65,0.0123650300287
2,66,0.125273259458
2,67,0.0469486211597
2,68,0.00991177217845
2,69,0.128155422361
2,70,0.0455057141542
3,0,-0.207286752709
3,1,-0.0722945467284
3,2,-0.0197417776916
3,3,0.0
3,4,-0.0209631357125
3,5,-0.0527085466521
3,6,-0.0882915033901
3,7,-0.165963690315
3,8,-0.0802669488925
3,9,-0.0691414944778
3,10,-0.0226777868771
3,11,-0.207239356369
3,12,-0.217399902351
3,13,-0.2388232231
3,14,-0.240352119021
3,15,-0.382428285809
3,16,-0.325615057523
3,17,-0.204916822091
3,18,-0.231880177379
3,19,-0.198537865494
3,20,-0.196617193094
3,21,-0.110412505296
3,22,-0.165949535535
3,23,-0.113604482286
3,24,-0.072249361979
3,25,-0.0668308247241
3,26,-0.208071473814
3,27,-0.279990031742
3,28,-0.186327842359
3,29,-0.185690121888
3,30,-0.0821196284873
3,31,0.0183869674987
3,32,0.0287462761696
3,33,-0.13463583604
3,34,-0.187588774185
3,35,0.432600801812
3,36,0.217820154763
3,37,0.296637254207
3,38,0.124459798255
3,39,0.184058445588
3,40,0.0577813933325
3,41,0.138874996654
3,42,0.184851081764
3,43,0.179892651349
3,44,0.213290193639
3,45,0.0494666624058
3,46,0.049884805299
3,47,0.264648018571
3,48,0.263776551456
3,49,0.174784140456
3,50,0.373680522944
3,51,0.204874209061
3,52,0.109571326477
3,53,0.129847753964
3,54,0.190559800297
3,55,0.0759405815518
3,56,0.018229606639
3,57,-0.0936019687475
3,58,-0.162248103156
3,59,-0.130160625855
3,60,0.00242359384836
3,61,0.0228930517245
3,62,-0.113731052794
3,63,-0.23082283323
3,64,0.254825752069
3,65,0.173755464905
3,66,0.308806977748
3,67,0.278138191276
3,68,0.184976279861
3,69,0.268459087925
3,70,0.231250849349
4,0,-0.220803479595
4,1,-0.0651451475467
4,2,-0.0261314552216
4,3,-0.0209631357125
4,4,0.0
4,5,-0.0249684819264
4,6,-0.0709252355951
4,7,-0.181311669283
4,8,-0.0368826098274
4,9,-0.0185056291783
4,10,0.0656209395214
4,11,-0.0879296689205
4,12,-0.0808100891355
4,13,-0.0995154115771
4,14,-0.0633749236755
4,15,-0.168284474954
4,16,-0.10572597152
4,17,0.00911680539918
4,18,-0.0370495695627
4,19,-0.0244468378514
4,20,-0.0572083710356
4,21,0.0667709183116
4,22,0.00973316095209
4,23,0.078550936359
4,24,0.14402806015
4,25,0.163747935595
4,26,0.005627138835
4,27,-0.0946539397958
4,28,-0.0186065076725
4,29,-0.0482696726352
4,30,0.0675538779979
4,31,0.155437936206
4,32,0.171292232558
4,33,0.0252906104148
4,34,-0.00718922956545
4,35,0.565505891505
4,36,0.284056235933
4,37,0.42107940971
4,38,0.262964094478
4,39,0.329690486813
4,40,0.182126293422
4,41,0.248198705181
4,42,0.298508974147
4,43,0.288330507996
4,44,0.343756174093
4,45,0.166511649187
4,46,0.144729422478
4,47,0.365290429607
4,48,0.368407512571
4,49,0.236686287143
4,50,0.400341180832
4,51,0.256593593978
4,52,0.176177435591
4,53,0.145245335209
4,54,0.213583270751
4,55,0.111513997061
4,56,0.064739121079
4,57,-0.0407448952748
4,58,-0.114084814633
4,59,-0.0830201419303
4,60,0.0545179350317
4,61,0.0893745228637
4,62,-0.0321432629908
4,63,-0.114783867765
4,64,0.341597334044
4,65,0.245491004356
4,66,0.405295004991
4,67,0.372065715311
4,68,0.237952306622
4,69,0.344623053476
4,70,0.327155782869
5,0,-0.196404212891
5,1,-0.0541800579912
5,2,-0.0548305794788
5,3,-0.0527085466521
5,4,-0.0249684819264
5,5,0.0
5,6,-0.136428185144
5,7,-0.282605636629
5,8,-0.000406511371
5,9,0.0334885612469
5,10,0.095668163773
5,11,-0.0707464641772
5,12,-0.0236545572832
5,13,-0.0452423823225
5,14,0.0166546975719
5,15,-0.064644393327
5,16,0.0126862965691
5,17,0.118162140515
5,18,0.0135361059217
5,19,0.0181900885196
5,20,-0.027578148298
5,21,0.113461324591
5,22,0.079205852995
5,23,0.174526335412
5,24,0.241991099145
5,25,0.284252716222
5,26,0.0931412414828
5,27,-0.022949804871
5,28,0.0103841738429
5,29,-0.0503322576544
5,30,0.0868339441285
5,31,0.164064498217
5,32,0.213477270717
5,33,0.081668983627
5,34,0.0664517819878
5,35,0.392243621153
5,36,0.0440656717325
5,37,0.236064408691
5,38,0.13608901855
5,39,0.211853016718
5,40,0.0869915134199
5,41,0.184189650137
5,42,0.191674537383
5,43,0.155181492892
5,44,0.236089173036
5,45,0.10033047099
5,46,0.0906432222935
5,47,0.247965599183
5,48,0.214487226784
5,49,0.0379190580265
5,50,0.185860407379
5,51,0.0353983962127
5,52,-0.0244868130308
5,53,-0.00560560785136
5,54,0.0953021250699
5,55,0.0206287259352
5,56,0.0771090673395
5,57,0.0751834146928
5,58,0.011727253101
5,59,0.0500545052057
5,60,0.14219970403
5,61,0.208017012171
5,62,0.0728034211597
5,63,0.00778924026245
5,64,0.215792591994
5,65,0.12857314489
5,66,0.280499322993
5,67,0.18266832385
5,68,0.0925968659655
5,69,0.248904698433
5,70,0.201617892706
6,0,-0.152979399004
6,1,-0.0600650438108
6,2,-0.139061227514
6,3,-0.0882915033901
6,4,-0.0709252355951
6,5,-0.136428185144
6,6,0.0
6,7,-0.0464735421394
6,8,-0.156645029474
6,9,-0.08148985339
6,10,-0.0766178998863
6,11,-0.24482200595
6,12,-0.204517606876
6,13,-0.281723518871
6,14,-0.176111246972
6,15,-0.204459908909
6,16,-0.0917975708455
6,17,0.0361298942797
6,18,-0.114902251218
6,19,-0.165280038985
6,20,-0.244191685117
6,21,-0.0805436123045
6,22,-0.0648724957085
6,23,0.0939510222231
6,24,0.137372562617
6,25,0.150139660204
6,26,-0.0203649889569
6,27,-0.182512049789
6,28,-0.20281750652
6,29,-0.31132173344
6,30,-0.143554301172
6,31,-0.10703682155
6,32,-0.00672550513864
6,33,-0.0892179022198
6,34,-0.0715106767012
6,35,0.0751135081119
6,36,-0.286932773416
6,37,-0.0833608870091
6,38,-0.179905061845
6,39,-0.118900525596
6,40,-0.251558819185
6,41,-0.162824247538
6,42,-0.158292133665
6,43,-0.202939707274
6,44,-0.108948113328
6,45,-0.227206751743
6,46,-0.22393262592
6,47,-0.10087097243
6,48,-0.125829894709
6,49,-0.319621576375
6,50,-0.182886304098
6,51,-0.341344556689
6,52,-0.399730845153
6,53,-0.406194883671
6,54,-0.29384221976
6,55,-0.316674157323
6,56,-0.154572752468
6,57,0.0339969638561
6,58,0.0146344760707
6,59,0.0227634682218
6,60,0.00660821002545
6,61,0.102623858771
6,62,-0.0155268690846
6,63,-0.0778079589816
6,64,-0.000749667702636
6,65,-0.134403375853
6,66,0.0312604412461
6,67,-0.0674329801265
6,68,-0.132789003922
6,69,0.0171404560959
6,70,-0.0340803713316
7,0,-0.186474844186
7,1,-0.102568369755
7,2,-0.205315960176
7,3,-0.165963690315
7,4,-0.181311669283
7,5,-0.282605636629
7,6,-0.0464735421394
7,7,0.0
7,8,-0.202939295277
7,9,-0.139713828614
7,10,-0.119331527699
7,11,-0.28084735893
7,12,-0.255614074692
7,13,-0.351085979314
7,14,-0.248646005754
7,15,-0.273171128314
7,16,-0.157073007842
7,17,-0.0160454761765
7,18,-0.156746273137
7,19,-0.213300025506
7,20,-0.292326390687
7,21,-0.13077825503
7,22,-0.111927632431
7,23,0.0501428083659
7,24,0.0838517752249
7,25,0.0817927194863
7,26,-0.0721607573243
7,27,-0.241005250978
7,28,-0.252734201397
7,29,-0.358151849533
7,30,-0.190062431155
7,31,-0.152276742659
7,32,-0.054256763412
7,33,-0.136265509588
7,34,-0.119063483553
7,35,0.0581303739783
7,36,-0.288983968222
7,37,-0.0977313275777
7,38,-0.210890147805
7,39,-0.149374539881
7,40,-0.287764066745
7,41,-0.202795197535
7,42,-0.192867500343
7,43,-0.229918858063
7,44,-0.139619820995
7,45,-0.26543758399
7,46,-0.268133053541
7,47,-0.1321566534
7,48,-0.149295204814
7,49,-0.338321422559
7,50,-0.194376826823
7,51,-0.35166664852
7,52,-0.41195994306
7,53,-0.428357970524
7,54,-0.323130332341
7,55,-0.352510063505
7,56,-0.216292897509
7,57,-0.0383268864775
7,58,-0.0502840615442
7,59,-0.0581552837194
7,60,-0.072225418044
7,61,0.0123698206612
7,62,-0.0955532578125
7,63,-0.169435453999
7,64,-0.052704605439
7,65,-0.185991954945
7,66,-0.0156314956754
7,67,-0.0987142711985
7,68,-0.183305138574
7,69,-0.0409126612697
7,70,-0.08245184299
8,0,-0.18905876187
8,1,-0.0704970909455
8,2,-0.0916400547367
8,3,-0.0802669488925
8,4,-0.0368826098274
8,5,-0.000406511371
8,6,-0.156645029474
8,7,-0.202939295277
8,8,0.0
8,9,0.0529591168477
8,10,-0.00812872346727
8,11,-0.194745167595
8,12,-0.0683330047981
8,13,-0.123777052552
8,14,-0.0306824292262
8,15,-0.050667585997
8,16,0.0679107229116
8,17,0.154474042329
8,18,-0.0430241573527
8,19,-0.0686276205861
8,20,-0.122337485294
8,21,0.022390206351
8,22,0.0593322360425
8,23,0.207105781928
8,24,0.233880940611
8,25,0.290138990261
8,26,0.0857601198302
8,27,-0.046294518833
8,28,-0.0883661049644
8,29,-0.198933629488
8,30,-0.0307002091194
8,31,-0.0460180580799
8,32,0.110010408925
8,33,0.0498768250619
8,34,0.0569129980364
8,35,-0.00307165525345
8,36,-0.380446210023
8,37,-0.147308524673
8,38,-0.180311971623
8,39,-0.121036217334
8,40,-0.207995695357
8,41,-0.100823047295
8,42,-0.113508628063
8,43,-0.196252268002
8,44,-0.0989546235229
8,45,-0.164424056815
8,46,-0.104288559222
8,47,-0.0570198903216
8,48,-0.120958586208
8,49,-0.319272165895
8,50,-0.213659239384
8,51,-0.380687190211
8,52,-0.437312460519
8,53,-0.406064200196
8,54,-0.268962660524
8,55,-0.221608604757
8,56,0.0402338436025
8,57,0.308930798464
8,58,0.28008204327
8,59,0.318241350236
8,60,0.270303362962
8,61,0.407086732893
8,62,0.309909588333
8,63,0.236191802409
8,64,0.0574947418311
8,65,-0.0420757550214
8,66,0.0946682466215
8,67,-0.0571719734832
8,68,-0.0565686541539
8,69,0.113717607549
8,70,0.0341049494887
9,0,-0.188273412865
9,1,-0.0578497361905
9,2,-0.0697364562702
9,3,-0.0691414944778
9,4,-0.0185056291783
9,5,0.0334885612469
9,6,-0.08148985339
9,7,-0.139713828614
9,8,0.0529591168477
9,9,0.0
9,10,-0.012530389846
9,11,-0.167211978269
9,12,-0.0307757429319
9,13,-0.132588702041
9,14,-0.0364497286353
9,15,-0.00680337648173
9,16,0.150983165451
9,17,0.238825753207
9,18,0.0175052438813
9,19,-0.0445580744882
9,20,-0.0802799946997
9,21,0.0548045708205
9,22,0.129991173138
9,23,0.305491570176
9,24,0.308619400232
9,25,0.34634868551
9,26,0.157910352697
9,27,0.0166452270338
9,28,-0.0412316591547
9,29,-0.171493929131
9,30,0.0207000998167
9,31,-0.0471221657798
9,32,0.130509913476
9,33,0.123592041281
9,34,0.132199450024
9,35,-0.0734235743825
9,36,-0.440437954927
9,37,-0.196899745724
9,38,-0.207489289116
9,39,-0.16027171402
9,40,-0.225121912735
9,41,-0.134814031959
9,42,-0.144503564499
9,43,-0.234292087394
9,44,-0.127563452514
9,45,-0.153446732276
9,46,-0.0744238089145
9,47,-0.0616346750778
9,48,-0.10017273016
9,49,-0.293628818351
9,50,-0.222695439574
9,51,-0.373245757379
9,52,-0.408706136792
9,53,-0.383140234913
9,54,-0.258853640972
9,55,-0.187893903862
9,56,0.101455348667
9,57,0.400507697649
9,58,0.390819153142
9,59,0.416585991759
9,60,0.344134206357
9,61,0.50295361113
9,62,0.426359416986
9,63,0.396732280903
9,64,0.114329737796
9,65,0.0126747986205
9,66,0.155259771939
9,67,0.00303126074964
9,68,0.00841648162291
9,69,0.174786728591
9,70,0.100020239765
10,0,-0.186789595921
10,1,-0.0828079308745
10,2,-0.0795082936196
10,3,-0.0226777868771
10,4,0.0656209395214
10,5,0.095668163773
10,6,-0.0766178998863
10,7,-0.119331527699
10,8,-0.00812872346727
10,9,-0.012530389846
10,10,0.0
10,11,-0.0829783294471
10,12,0.030222963798
10,13,-0.0280881418982
10,14,0.0895049590351
10,15,0.11053991057
10,16,0.26615750609
10,17,0.336764174364
10,18,0.11171979159
10,19,0.0295172796655
10,20,-0.0298813122965
10,21,0.121985293953
10,22,0.194170805765
10,23,0.372419842766
10,24,0.404612864277
10,25,0.452316057101
10,26,0.261136857278
10,27,0.12592567147
10,28,0.0206038477108
10,29,-0.148459023812
10,30,0.0548302453921
10,31,-0.04218045107
10,32,0.1344357766
10,33,0.164254971104
10,34,0.197179461703
10,35,-0.167255745097
10,36,-0.53788732662
10,37,-0.278155346374
10,38,-0.25460550611
10,39,-0.214270789682
10,40,-0.275241628039
10,41,-0.202870559486
10,42,-0.202482616395
10,43,-0.292419052002
10,44,-0.187416985932
10,45,-0.183813101718
10,46,-0.129380025809
10,47,-0.130415179047
10,48,-0.144801339986
10,49,-0.343260511925
10,50,-0.332871807479
10,51,-0.438746951313
10,52,-0.430601493148
10,53,-0.390166017369
10,54,-0.293018480068
10,55,-0.256882130895
10,56,0.0408265718632
10,57,0.258766345681
10,58,0.23439871213
10,59,0.29230778748
10,60,0.251510553808
10,61,0.442954689938
10,62,0.363264289824
10,63,0.498350102312
10,64,0.106110712021
10,65,-0.000584751411545
10,66,0.1440816938
10,67,-0.0160282544784
10,68,0.00977349280318
10,69,0.165056822582
10,70,0.100516648516
11,0,-0.400388131585
11,1,-0.317491878828
11,2,-0.298944500705
11,3,-0.207239356369
11,4,-0.0879296689205
11,5,-0.0707464641772
11,6,-0.24482200595
11,7,-0.28084735893
11,8,-0.194745167595
11,9,-0.167211978269
11,10,-0.0829783294471
11,11,0.0
11,12,-0.0216541709296
11,13,-0.10130457941
11,14,0.108709235249
11,15,0.167768237644
11,16,0.326572104553
11,17,0.41085300711
11,18,0.188316241861
11,19,0.102658498706
11,20,-0.0346255962081
11,21,0.15409484825
11,22,0.250335560513
11,23,0.413951507565
11,24,0.419542817536
11,25,0.461980218533
11,26,0.33596878061
11,27,0.144291673134
11,28,0.0395545940155
11,29,-0.140701392201
11,30,0.0405402511121
11,31,-0.155347546554
11,32,0.0659145271658
11,33,0.185014929568
11,34,0.259164886254
11,35,-0.348279458587
11,36,-0.708854195985
11,37,-0.428723196172
11,38,-0.391062206538
11,39,-0.31913075428
11,40,-0.3477559532
11,41,-0.235955419245
11,42,-0.210385533595
11,43,-0.283447192696
11,44,-0.245929935939
11,45,-0.216089148031
11,46,-0.182652821407
11,47,-0.151238607593
11,48,-0.15737050352
11,49,-0.385057452369
11,50,-0.399000063692
11,51,-0.482084238328
11,52,-0.513682278496
11,53,-0.446674975614
11,54,-0.346271138975
11,55,-0.350622439767
11,56,-0.122414657712
11,57,0.0392789013091
11,58,0.0126134726281
11,59,0.0778430952485
11,60,0.0616319879813
11,61,0.265421380393
11,62,0.162749936832
11,63,0.427870199515
11,64,-0.0183777253113
11,65,-0.0964385437196
11,66,0.0568593705143
11,67,-0.11763971578
11,68,-0.0846917652356
11,69,0.0597092952774
11,70,0.0154750180931
12,0,-0.444597244879
12,1,-0.36006855915
12,2,-0.293784417397
12,3,-0.217399902351
12,4,-0.0808100891355
12,5,-0.0236545572832
12,6,-0.204517606876
12,7,-0.255614074692
12,8,-0.0683330047981
12,9,-0.0307757429319
12,10,0.030222963798
12,11,-0.0216541709296
12,12,0.0
12,13,-0.0518302680018
12,14,0.060415871565
12,15,0.0563485881645
12,16,0.193243470551
12,17,0.190457358826
12,18,-0.0411461025385
12,19,-0.0309632765272
12,20,-0.0442129727411
12,21,0.0254967099345
12,22,0.133059189411
12,23,0.184252931815
12,24,0.172234129752
12,25,0.305352535072
12,26,0.121199028572
12,27,0.0288897418107
12,28,-0.0495374462957
12,29,-0.150226960096
12,30,0.00907180062391
12,31,-0.180291733586
12,32,0.0581162361918
12,33,0.172504847282
12,34,0.143225547693
12,35,-0.466919367533
12,36,-0.809426642876
12,37,-0.539948580093
12,38,-0.48526793341
12,39,-0.411437925908
12,40,-0.386152801807
12,41,-0.204633485683
12,42,-0.217533945435
12,43,-0.283307719525
12,44,-0.288584328147
12,45,-0.194541531986
12,46,-0.120990510816
12,47,-0.133779714333
12,48,-0.153861108917
12,49,-0.334296451177
12,50,-0.333678457822
12,51,-0.408719035168
12,52,-0.430734378397
12,53,-0.285703071803
12,54,-0.191964057329
12,55,-0.227770874237
12,56,-0.0247445965895
12,57,0.119033910212
12,58,0.0915111511875
12,59,0.167288631264
12,60,0.150858227479
12,61,0.357332664636
12,62,0.246293891742
12,63,0.549147759592
12,64,-0.0263014129875
12,65,-0.0777662134202
12,66,0.0479578910355
12,67,-0.125078208505
12,68,-0.0717686935238
12,69,0.0690910815064
12,70,0.00874627587482
13,0,-0.522853282331
13,1,-0.414920742382
13,2,-0.311243600082
13,3,-0.2388232231
13,4,-0.0995154115771
13,5,-0.0452423823225
13,6,-0.281723518871
13,7,-0.351085979314
13,8,-0.123777052552
13,9,-0.132588702041
13,10,-0.0280881418982
13,11,-0.10130457941
13,12,-0.0518302680018
13,13,0.0
13,14,0.0446775778486
13,15,0.0347679691199
13,16,0.143648127741
13,17,0.0965613990917
13,18,-0.0606887967341
13,19,0.00316469943418
13,20,0.0893019576179
13,21,0.110331794681
13,22,0.0917137222957
13,23,0.0934925453315
13,24,0.140443223049
13,25,0.320218121465
13,26,0.0816310886553
13,27,0.0184007397161
13,28,0.103329785727
13,29,0.103435227036
13,30,0.223761109913
13,31,0.00873169355473
13,32,0.186525330443
13,33,0.183690226212
13,34,0.103156420044
13,35,-0.288920779093
13,36,-0.580455198196
13,37,-0.326329868612
13,38,-0.269869018871
13,39,-0.164563309287
13,40,-0.0998182953907
13,41,0.100725117984
13,42,0.0805064036961
13,43,0.0139932637331
13,44,-0.00610372749709
13,45,0.0946439925949
13,46,0.160117843527
13,47,0.168469542678
13,48,0.118314141249
13,49,-0.081820996002
13,50,-0.0826876391252
13,51,-0.167987574085
13,52,-0.239146258957
13,53,-0.122205404211
13,54,-0.0240123809918
13,55,-0.01713791082
13,56,0.0917243981501
13,57,0.151384368876
13,58,0.104944362422
13,59,0.193026341018
13,60,0.238429823202
13,61,0.414352840049
13,62,0.265235787365
13,63,0.556182741516
13,64,0.127354680599
13,65,0.12288358171
13,66,0.246304680509
13,67,0.0461654346312
13,68,0.110709931447
13,69,0.256491570405
13,70,0.201528290315
14,0,-0.580383223292
14,1,-0.471723432074
14,2,-0.31154885371
14,3,-0.240352119021
14,4,-0.0633749236755
14,5,0.0166546975719
14,6,-0.176111246972
14,7,-0.248646005754
14,8,-0.0306824292262
14,9,-0.0364497286353
14,10,0.0895049590351
14,11,0.108709235249
14,12,0.060415871565
14,13,0.0446775778486
14,14,0.0
14,15,0.0259405328073
14,16,0.202073419793
14,17,0.100768790694
14,18,0.0139880726692
14,19,0.0971255041164
14,20,0.221165928403
14,21,0.162575469044
14,22,0.146158857009
14,23,0.0932349900633
14,24,0.111189759747
14,25,0.25366072288
14,26,0.107873732923
14,27,0.0975382126903
14,28,0.226687718305
14,29,0.225326232057
14,30,0.263040680667
14,31,0.0721908377138
14,32,0.162240458527
14,33,0.247957211978
14,34,0.162387433569
14,35,-0.469539044887
14,36,-0.627269769493
14,37,-0.444028396478
14,38,-0.357270493019
14,39,-0.257297403281
14,40,-0.116710614751
14,41,0.0903527554698
14,42,0.0557649897354
14,43,0.0405786512579
14,44,-0.0265085616385
14,45,0.138490118817
14,46,0.160914351934
14,47,0.172748099089
14,48,0.177986811044
14,49,-0.0127666864466
14,50,-0.0459289286035
14,51,-0.0908879257825
14,52,-0.148320643031
14,53,-0.0508521810793
14,54,0.0399354535528
14,55,0.01632453412
14,56,0.108436824255
14,57,0.142373818061
14,58,0.094384754072
14,59,0.182011522739
14,60,0.223070824267
14,61,0.414878885291
14,62,0.283774065626
14,63,0.572037906108
14,64,0.13263710348
14,65,0.133501581149
14,66,0.262086300667
14,67,0.0881794528015
14,68,0.136699536488
14,69,0.256878011213
14,70,0.225592342264
15,0,-0.743078999671
15,1,-0.668764394349
15,2,-0.461305671225
15,3,-0.382428285809
15,4,-0.168284474954
15,5,-0.064644393327
15,6,-0.204459908909
15,7,-0.273171128314
15,8,-0.050667585997
15,9,-0.00680337648173
15,10,0.11053991057
15,11,0.167768237644
15,12,0.0563485881645
15,13,0.0347679691199
15,14,0.0259405328073
15,15,0.0
15,16,-0.00415086145645
15,17,-0.139813056489
15,18,-0.0379056949
15,19,0.12667735937
15,20,0.143104884033
15,21,0.0130398521297
15,22,0.0171599342121
15,23,-0.114539930969
15,24,-0.186931429403
15,25,-0.171767018984
15,26,-0.102238488131
15,27,-0.0163399385152
15,28,0.0874605477665
15,29,0.173782545211
15,30,0.104649469737
15,31,0.00311709074745
15,32,0.038546282121
15,33,0.094842325243
15,34,0.0282184757803
15,35,-0.757130144496
15,36,-0.73910473355
15,37,-0.679645692004
15,38,-0.56561040674
15,39,-0.449804317739
15,40,-0.230018356294
15,41,0.0105919778396
15,42,-0.0453415657505
15,43,-0.00833593915364
15,44,-0.152073408178
15,45,0.0480241158937
15,46,0.0249457409797
15,47,0.0410276767763
15,48,0.0615289449833
15,49,-0.102096919619
15,50,-0.154690791024
15,51,-0.154551558189
15,52,-0.199189957914
15,53,-0.0906844853288
15,54,-0.014848766545
15,55,-0.0836433668021
15,56,-0.0436239287981
15,57,-0.0624945478109
15,58,-0.113422610805
15,59,-0.023947924013
15,60,0.0155896168171
15,61,0.213406033617
15,62,0.10904702942
15,63,0.367090173505
15,64,-0.0995463348927
15,65,-0.0711192087881
15,66,0.0343690169442
15,67,-0.098694309683
15,68,-0.0657385985664
15,69,0.019227440409
15,70,0.00927627763755
16,0,-0.644276035301
16,1,-0.596298770468
16,2,-0.40754685227
16,3,-0.325615057523
16,4,-0.10572597152
16,5,0.0126862965691
16,6,-0.0917975708455
16,7,-0.157073007842
16,8,0.0679107229116
16,9,0.150983165451
16,10,0.26615750609
16,11,0.326572104553
16,12,0.193243470551
16,13,0.143648127741
16,14,0.202073419793
16,15,-0.00415086145645
16,16,0.0
16,17,-0.04212562052
16,18,0.070378679183
16,19,0.280017504022
16,20,0.23128511931
16,21,0.127407977117
16,22,0.130967710413
16,23,-0.0284338644822
16,24,-0.137392382876
16,25,-0.106435629043
16,26,-0.0173735915886
16,27,0.0722782930662
16,28,0.120252068622
16,29,0.165454582989
16,30,0.144695832303
16,31,0.0958259636079
16,32,0.14644869309
16,33,0.166730888414
16,34,0.133057395686
16,35,-0.686194353874
16,36,-0.726217957474
16,37,-0.682103984608
16,38,-0.611125948728
16,39,-0.463151009369
16,40,-0.27689470424
16,41,0.0135652065729
16,42,-0.102481071215
16,43,-0.0405909668466
16,44,-0.166419317387
16,45,0.0272955719519
16,46,-0.0497744170752
16,47,-0.0255314533103
16,48,0.00134471815
16,49,-0.15706383039
16,50,-0.180288352821
16,51,-0.17795431442
16,52,-0.198775911683
16,53,-0.0634036941101
16,54,0.015752822873
16,55,-0.102873565663
16,56,-0.0487005349702
16,57,-0.0802632250016
16,58,-0.13741707538
16,59,-0.0464610716163
16,60,-0.0144180982799
16,61,0.197643999055
16,62,0.115980462189
16,63,0.35175339707
16,64,-0.181068289552
16,65,-0.173148551958
16,66,-0.0700772904425
16,67,-0.167594460849
16,68,-0.171293766268
16,69,-0.0869106801745
16,70,-0.0996880056143
17,0,-0.489348086572
17,1,-0.446525361936
17,2,-0.29732840782
17,3,-0.204916822091
17,4,0.00911680539918
17,5,0.118162140515
17,6,0.0361298942797
17,7,-0.0160454761765
17,8,0.154474042329
17,9,0.238825753207
17,10,0.336764174364
17,11,0.41085300711
17,12,0.190457358826
17,13,0.0965613990917
17,14,0.100768790694
17,15,-0.139813056489
17,16,-0.04212562052
17,17,0.0
17,18,0.027661997104
17,19,0.0909753738485
17,20,0.159217112954
17,21,0.0365229629738
17,22,0.106001189174
17,23,0.0261240380235
17,24,-0.104605760094
17,25,-0.0964484596943
17,26,-0.0688708694968
17,27,0.04831381968
17,28,0.00358534481482
17,29,0.0203555258885
17,30,0.0793829573265
17,31,0.0833778399688
17,32,0.111673304331
17,33,0.110451256649
17,34,0.0881618115338
17,35,-0.769252936559
17,36,-0.788740279455
17,37,-0.770976255578
17,38,-0.696947001354
17,39,-0.580796024459
17,40,-0.396555009898
17,41,-0.104850833697
17,42,-0.264343069956
17,43,-0.177163907332
17,44,-0.273890996982
17,45,-0.0646491634281
17,46,-0.146375206359
17,47,-0.1423044578
17,48,-0.0730079624935
17,49,-0.211063754722
17,50,-0.225438415321
17,51,-0.22281634454
17,52,-0.219488875946
17,53,-0.0752679962025
17,54,0.00899154116855
17,55,-0.133862313386
17,56,-0.0141202152846
17,57,-0.00581502262945
17,58,-0.0585355841814
17,59,0.0307451857707
17,60,0.0370485118821
17,61,0.262235734808
17,62,0.18841717817
17,63,0.402569942184
17,64,-0.135736282185
17,65,-0.174680805266
17,66,-0.0626095180075
17,67,-0.14019621336
17,68,-0.152956584941
17,69,-0.0684936648419
17,70,-0.0895435724952
18,0,-0.523530911743
18,1,-0.487834894836
18,2,-0.365954893555
18,3,-0.231880177379
18,4,-0.0370495695627
18,5,0.0135361059217
18,6,-0.114902251218
18,7,-0.156746273137
18,8,-0.0430241573527
18,9,0.0175052438813
18,10,0.11171979159
18,11,0.188316241861
18,12,-0.0411461025385
18,13,-0.0606887967341
18,14,0.0139880726692
18,15,-0.0379056949
18,16,0.070378679183
18,17,0.027661997104
18,18,0.0
18,19,-0.0165657449913
18,20,-0.0208372973157
18,21,-0.0948955594369
18,22,-0.0853371312478
18,23,-0.0866339921396
18,24,-0.0347709394964
18,25,0.0637757594904
18,26,0.0348047701198
18,27,-0.0746728415795
18,28,-0.106885773851
18,29,-0.105560848437
18,30,-0.0428728537111
18,31,-0.066948235757
18,32,-0.0685993177925
18,33,-0.053588509849
18,34,-0.0805981545205
18,35,-0.749367719283
18,36,-0.890134138899
18,37,-0.770219026017
18,38,-0.712343815643
18,39,-0.596018241212
18,40,-0.460701399156
18,41,-0.209650917976
18,42,-0.284118660496
18,43,-0.231601098802
18,44,-0.331490173923
18,45,-0.155445095719
18,46,-0.218659268611
18,47,-0.176469138751
18,48,-0.104329917
18,49,-0.271694424035
18,50,-0.309482613724
18,51,-0.307047411664
18,52,-0.313854367113
18,53,-0.204233135859
18,54,-0.125093529693
18,55,-0.252216928662
18,56,-0.12772461429
18,57,-0.115675732097
18,58,-0.169415407617
18,59,-0.0746210508083
18,60,-0.0566251086972
18,61,0.159933142901
18,62,0.059345398766
18,63,0.304992078573
18,64,-0.108679077774
18,65,-0.163113922871
18,66,-0.0240012196046
18,67,-0.141564995516
18,68,-0.126014838644
18,69,-0.0331275673451
18,70,-0.0492805777098
19,0,-0.494283596721
19,1,-0.431407122485
19,2,-0.312220456412
19,3,-0.198537865494
19,4,-0.0244468378514
19,5,0.0181900885196
19,6,-0.165280038985
19,7,-0.213300025506
19,8,-0.0686276205861
19,9,-0.0445580744882
19,10,0.0295172796655
19,11,0.102658498706
19,12,-0.0309632765272
19,13,0.00316469943418
19,14,0.0971255041164
19,15,0.12667735937
19,16,0.280017504022
19,17,0.0909753738485
19,18,-0.0165657449913
19,19,0.0
19,20,0.0427242616465
19,21,-0.0601859154355
19,22,-0.0163538535278
19,23,-0.0400637071319
19,24,0.0220969106321
19,25,0.18018746786
19,26,0.0986021477232
19,27,0.0388207063121
19,28,0.0123328659118
19,29,-0.0128426856283
19,30,0.0267039559195
19,31,-0.0912924792433
19,32,-0.0860782043874
19,33,0.0348717509891
19,34,0.0221164760639
19,35,-0.713981597548
19,36,-0.868570267304
19,37,-0.708937504293
19,38,-0.592047576563
19,39,-0.548378696429
19,40,-0.400282310826
19,41,-0.195037393871
19,42,-0.248937411554
19,43,-0.237816584103
19,44,-0.317297408873
19,45,-0.107492184761
19,46,-0.111223498114
19,47,-0.123319405602
19,48,-0.0716112351695
19,49,-0.2273276746
19,50,-0.28706747799
19,51,-0.288969148692
19,52,-0.292178705066
19,53,-0.18361166314
19,54,-0.110023271621
19,55,-0.182624254279
19,56,-0.0444131271896
19,57,-0.00209139636855
19,58,-0.0471869857318
19,59,0.0484694703959
19,60,0.0619094502641
19,61,0.26548997076
19,62,0.15036137387
19,63,0.446879538324
19,64,-0.007344180739
19,65,-0.0466029152154
19,66,0.0789022134736
19,67,-0.0733707207795
19,68,-0.01781529763
19,69,0.0876156700232
19,70,0.0559292727136
20,0,-0.444015271525
20,1,-0.373231758256
20,2,-0.299009578937
20,3,-0.196617193094
20,4,-0.0572083710356
20,5,-0.027578148298
20,6,-0.244191685117
20,7,-0.292326390687
20,8,-0.122337485294
20,9,-0.0802799946997
20,10,-0.0298813122965
20,11,-0.0346255962081
20,12,-0.0442129727411
20,13,0.0893019576179
20,14,0.221165928403
20,15,0.143104884033
20,16,0.23128511931
20,17,0.159217112954
20,18,-0.0208372973157
20,19,0.0427242616465
20,20,0.0
20,21,0.0876863433128
20,22,0.0700381861666
20,23,0.0689479770176
20,24,0.14162004748
20,25,0.354742161626
20,26,0.131740138757
20,27,0.072446983487
20,28,0.00652371470082
20,29,-0.10681034072
20,30,0.0203455818182
20,31,-0.174425761716
20,32,0.00112603731982
20,33,0.103422106176
20,34,0.0914012212348
20,35,-0.442779482946
20,36,-0.799722667186
20,37,-0.519415174391
20,38,-0.457620742857
20,39,-0.376177259962
20,40,-0.36565624085
20,41,-0.171397355052
20,42,-0.169091023861
20,43,-0.232970893705
20,44,-0.265091892477
20,45,-0.176199430762
20,46,-0.122453157646
20,47,-0.113639264706
20,48,-0.140294467165
20,49,-0.322382553971
20,50,-0.342882392009
20,51,-0.392958604608
20,52,-0.400347161489
20,53,-0.257225477254
20,54,-0.18102704615
20,55,-0.240573292069
20,56,-0.0739655923708
20,57,0.00785223335609
20,58,-0.0321677012921
20,59,0.0607691544008
20,60,0.0701830845581
20,61,0.262911185778
20,62,0.136149816322
20,63,0.460623176204
20,64,-0.0263496904937
20,65,-0.0710486783873
20,66,0.0517360430765
20,67,-0.131870400329
20,68,-0.0618358725338
20,69,0.0726742404241
20,70,0.0171306932278
21,0,-0.407073717866
21,1,-0.346107022569
21,2,-0.227344484922
21,3,-0.110412505296
21,4,0.0667709183116
21,5,0.113461324591
21,6,-0.0805436123045
21,7,-0.13077825503
21,8,0.022390206351
21,9,0.0548045708205
21,10,0.121985293953
21,11,0.15409484825
21,12,0.0254967099345
21,13,0.110331794681
21,14,0.162575469044
21,15,0.0130398521297
21,16,0.127407977117
21,17,0.0365229629738
21,18,-0.0948955594369
21,19,-0.0601859154355
21,20,0.0876863433128
21,21,0.0
21,22,-0.0640570390765
21,23,-0.0672329602395
21,24,0.0570412658515
21,25,0.279421174572
21,26,0.0534324480955
21,27,0.087380576008
21,28,0.0151274680776
21,29,-0.0123020853403
21,30,0.0866772365834
21,31,0.0143263250131
21,32,-0.00209597781
21,33,0.0206027009255
21,34,-0.0473474210948
21,35,-0.608233098266
21,36,-0.816490721989
21,37,-0.649914254302
21,38,-0.555793641764
21,39,-0.499260544471
21,40,-0.372819864211
21,41,-0.126316807941
21,42,-0.211092082651
21,43,-0.186856031343
21,44,-0.265312050313
21,45,-0.058785323424
21,46,-0.0866096100301
21,47,-0.0868253400019
21,48,-0.0335180550736
21,49,-0.179468424511
21,50,-0.221849100594
21,51,-0.224404210139
21,52,-0.216029344251
21,53,-0.0899927797476
21,54,-0.0172479392936
21,55,-0.118885242937
21,56,0.0203248945245
21,57,0.0345159705439
21,58,-0.0215565102087
21,59,0.0840178737848
21,60,0.108908223053
21,61,0.310983823298
21,62,0.193859477209
21,63,0.475580974945
21,64,0.0417881324374
21,65,-0.00713517146609
21,66,0.115169190165
21,67,-0.0268996634383
21,68,0.0207361734832
21,69,0.12724372657
21,70,0.0901580522255
22,0,-0.420519652895
22,1,-0.369690395315
22,2,-0.267908843399
22,3,-0.165949535535
22,4,0.00973316095209
22,5,0.079205852995
22,6,-0.0648724957085
22,7,-0.111927632431
22,8,0.0593322360425
22,9,0.129991173138
22,10,0.194170805765
22,11,0.250335560513
22,12,0.133059189411
22,13,0.0917137222957
22,14,0.146158857009
22,15,0.0171599342121
22,16,0.130967710413
22,17,0.106001189174
22,18,-0.0853371312478
22,19,-0.0163538535278
22,20,0.0700381861666
22,21,-0.0640570390765
22,22,0.0
22,23,-0.0125536975036
22,24,0.0229432077204
22,25,0.170691365083
22,26,0.0447130435512
22,27,0.0535986874519
22,28,-0.111415386318
22,29,-0.106877279973
22,30,-0.0382576362864
22,31,-0.0449224670048
22,32,-0.0168643686177
22,33,0.0168203043135
22,34,0.0206741395061
22,35,-0.705473182289
22,36,-0.921947690116
22,37,-0.794674635208
22,38,-0.714273495767
22,39,-0.655897522371
22,40,-0.533812312483
22,41,-0.243047231076
22,42,-0.359929648645
22,43,-0.330736132775
22,44,-0.420287346473
22,45,-0.199106794178
22,46,-0.227751967847
22,47,-0.251234373117
22,48,-0.204348176509
22,49,-0.329560764412
22,50,-0.353475489075
22,51,-0.355310378509
22,52,-0.327130258399
22,53,-0.170519285109
22,54,-0.0959171154156
22,55,-0.2172526243
22,56,-0.049911632747
22,57,0.00833181957745
22,58,-0.034408392776
22,59,0.0598476776017
22,60,0.0499556420873
22,61,0.266295821415
22,62,0.173297140096
22,63,0.447126598831
22,64,-0.105111418139
22,65,-0.165973344839
22,66,-0.05312105032
22,67,-0.176497978742
22,68,-0.139220101877
22,69,-0.0318998531168
22,70,-0.0778236642591
23,0,-0.355472180494
23,1,-0.316049560151
23,2,-0.209632878443
23,3,-0.113604482286
23,4,0.078550936359
23,5,0.174526335412
23,6,0.0939510222231
23,7,0.0501428083659
23,8,0.207105781928
23,9,0.305491570176
23,10,0.372419842766
23,11,0.413951507565
23,12,0.184252931815
23,13,0.0934925453315
23,14,0.0932349900633
23,15,-0.114539930969
23,16,-0.0284338644822
23,17,0.0261240380235
23,18,-0.0866339921396
23,19,-0.0400637071319
23,20,0.0689479770176
23,21,-0.0672329602395
23,22,-0.0125536975036
23,23,0.0
23,24,-0.0357306884355
23,25,0.0250099284873
23,26,-0.0562405946679
23,27,0.0159780961797
23,28,-0.129511050484
23,29,-0.120401933687
23,30,-0.0405505563326
23,31,0.0325552857034
23,32,0.0432093927544
23,33,-0.0167957434396
23,34,-0.0535225500274
23,35,-0.755927704704
23,36,-0.857917150084
23,37,-0.867330050581
23,38,-0.785067908415
23,39,-0.71371064048
23,40,-0.546521122496
23,41,-0.237897839379
23,42,-0.431602759431
23,43,-0.342707149113
23,44,-0.422587154608
23,45,-0.197340919856
23,46,-0.279684703223
23,47,-0.306285275732
23,48,-0.226707032082
23,49,-0.327814560952
23,50,-0.33322123259
23,51,-0.324293610492
23,52,-0.281991076825
23,53,-0.1140543801
23,54,-0.0353393052694
23,55,-0.198543641713
23,56,-0.0226126611047
23,57,0.0263884635977
23,58,-0.0193022595509
23,59,0.0712675533649
23,60,0.0476435480909
23,61,0.275208074628
23,62,0.210061174372
23,63,0.405351267738
23,64,-0.151597642097
23,65,-0.229823271485
23,66,-0.123164261834
23,67,-0.195896973907
23,68,-0.196385665929
23,69,-0.104857739511
23,70,-0.145480907311
24,0,-0.374497324958
24,1,-0.328105077689
24,2,-0.178623579569
24,3,-0.072249361979
24,4,0.14402806015
24,5,0.241991099145
24,6,0.137372562617
24,7,0.0838517752249
24,8,0.233880940611
24,9,0.308619400232
24,10,0.404612864277
24,11,0.419542817536
24,12,0.172234129752
24,13,0.140443223049
24,14,0.111189759747
24,15,-0.186931429403
24,16,-0.137392382876
24,17,-0.104605760094
24,18,-0.0347709394964
24,19,0.0220969106321
24,20,0.14162004748
24,21,0.0570412658515
24,22,0.0229432077204
24,23,-0.0357306884355
24,24,0.0
24,25,0.0137106949652
24,26,-0.0975007331382
24,27,0.0541522001252
24,28,-0.00524215779773
24,29,0.00556011599727
24,30,0.11117026928
24,31,0.195660046404
24,32,0.166920917361
24,33,0.0536719207088
24,34,-0.0259484230346
24,35,-0.594624574902
24,36,-0.665781504338
24,37,-0.643425490641
24,38,-0.605148119937
24,39,-0.473744598681
24,40,-0.330395986742
24,41,-0.0401951136989
24,42,-0.208252155838
24,43,-0.108178729744
24,44,-0.18528124677
24,45,-0.00427001822045
24,46,-0.116069438289
24,47,-0.0838119451063
24,48,0.00215060377827
24,49,-0.129906279452
24,50,-0.133145468656
24,51,-0.128016620047
24,52,-0.114764946437
24,53,0.0248043243276
24,54,0.107282830372
24,55,-0.0657504306285
24,56,0.0551160382522
24,57,0.0200768094358
24,58,-0.0498176830191
24,59,0.0534263045966
24,60,0.0802100507718
24,61,0.300656975367
24,62,0.220716913134
24,63,0.394380332668
24,64,-0.0401951478007
24,65,-0.0994720921703
24,66,0.0200266432199
24,67,-0.0444722637514
24,68,-0.0683403098375
24,69,0.0137874510404
24,70,-0.00671264245845
25,0,-0.417989779932
25,1,-0.353720634015
25,2,-0.149568645554
25,3,-0.0668308247241
25,4,0.163747935595
25,5,0.284252716222
25,6,0.150139660204
25,7,0.0817927194863
25,8,0.290138990261
25,9,0.34634868551
25,10,0.452316057101
25,11,0.461980218533
25,12,0.305352535072
25,13,0.320218121465
25,14,0.25366072288
25,15,-0.171767018984
25,16,-0.106435629043
25,17,-0.0964484596943
25,18,0.0637757594904
25,19,0.18018746786
25,20,0.354742161626
25,21,0.279421174572
25,22,0.170691365083
25,23,0.0250099284873
25,24,0.0137106949652
25,25,0.0
25,26,-0.00267311889445
25,27,0.243448607307
25,28,0.246398339453
25,29,0.258422346663
25,30,0.350840020201
25,31,0.348081528157
25,32,0.330055008734
25,33,0.243692073829
25,34,0.128099828094
25,35,-0.496253078219
25,36,-0.499599610603
25,37,-0.482705126129
25,38,-0.408682815413
25,39,-0.286766650569
25,40,-0.103211215757
25,41,0.186073688283
25,42,0.00898829209764
25,43,0.112907940219
25,44,0.0230142594517
25,45,0.226227899024
25,46,0.116504903453
25,47,0.13830024738
25,48,0.208199691368
25,49,0.0699560053093
25,50,0.0528052512647
25,51,0.0602627252625
25,52,0.0536327896797
25,53,0.187615118247
25,54,0.268274737122
25,55,0.124158194971
25,56,0.193825848453
25,57,0.115042054498
25,58,0.0368401763325
25,59,0.145470895787
25,60,0.201010339026
25,61,0.410584818099
25,62,0.323006415524
25,63,0.528547935967
25,64,0.0680736207521
25,65,0.057512048107
25,66,0.157576361206
25,67,0.0862154803874
25,68,0.0666231862179
25,69,0.143504578178
25,70,0.129215211966
26,0,-0.515095704172
26,1,-0.472027104945
26,2,-0.31915116719
26,3,-0.208071473814
26,4,0.005627138835
26,5,0.0931412414828
26,6,-0.0203649889569
26,7,-0.0721607573243
26,8,0.0857601198302
26,9,0.157910352697
26,10,0.261136857278
26,11,0.33596878061
26,12,0.121199028572
26,13,0.0816310886553
26,14,0.107873732923
26,15,-0.102238488131
26,16,-0.0173735915886
26,17,-0.0688708694968
26,18,0.0348047701198
26,19,0.0986021477232
26,20,0.131740138757
26,21,0.0534324480955
26,22,0.0447130435512
26,23,-0.0562405946679
26,24,-0.0975007331382
26,25,-0.00267311889445
26,26,0.0
26,27,0.0572029764746
26,28,0.0266984350033
26,29,0.032285706491
26,30,0.0837411372289
26,31,0.0739970513763
26,32,0.0799660481799
26,33,0.069476344652
26,34,0.0266524528355
26,35,-0.728147315575
26,36,-0.770390424341
26,37,-0.730202444802
26,38,-0.662050157797
