	SHH_WT_models39112.py	SHH_WT_models17169.py	SHH_WT_models39507.py	SHH_WT_models29348.py	SHH_WT_models8890.py	SHH_WT_models22582.py	SHH_WT_models35923.py	SHH_WT_models28174.py	SHH_WT_models48773.py	SHH_WT_models27908.py	SHH_WT_models44428.py	SHH_WT_models2347.py	SHH_WT_models37605.py	SHH_WT_models25404.py	SHH_WT_models1709.py	SHH_WT_models31532.py	SHH_WT_models15235.py	SHH_WT_models5070.py	SHH_WT_models11760.py	SHH_WT_models44981.py	SHH_WT_models49283.py	SHH_WT_models44943.py	SHH_WT_models36637.py	SHH_WT_models47783.py	SHH_WT_models36833.py	SHH_WT_models26485.py	SHH_WT_models34323.py	SHH_WT_models38276.py	SHH_WT_models29459.py	SHH_WT_models29007.py	SHH_WT_models42278.py	SHH_WT_models9748.py	SHH_WT_models14847.py	SHH_WT_models2378.py	SHH_WT_models1483.py	SHH_WT_models22704.py	SHH_WT_models41149.py	SHH_WT_models46610.py	SHH_WT_models39215.py	SHH_WT_models21516.py	SHH_WT_models12018.py	SHH_WT_models29668.py	SHH_WT_models11746.py	SHH_WT_models34283.py	SHH_WT_models38454.py	SHH_WT_models25210.py	SHH_WT_models25325.py	SHH_WT_models5447.py	SHH_WT_models42102.py	SHH_WT_models38869.py	SHH_WT_models32950.py	SHH_WT_models9457.py	SHH_WT_models12231.py	SHH_WT_models8847.py	SHH_WT_models15552.py	SHH_WT_models41837.py	SHH_WT_models40274.py	SHH_WT_models7095.py	SHH_WT_models3886.py	SHH_WT_models31195.py	SHH_WT_models37289.py	SHH_WT_models10306.py	SHH_WT_models18570.py	SHH_WT_models17085.py	SHH_WT_models9654.py	SHH_WT_models32237.py	SHH_WT_models33698.py	SHH_WT_models33622.py	SHH_WT_models571.py	SHH_WT_models28611.py	SHH_WT_models40317.py	SHH_WT_models40479.py	SHH_WT_models11273.py	SHH_WT_models2611.py	SHH_WT_models14471.py	SHH_WT_models40152.py	SHH_WT_models1789.py	SHH_WT_models717.py	SHH_WT_models43346.py	SHH_WT_models29730.py	SHH_WT_models21876.py	SHH_WT_models7530.py	SHH_WT_models41274.py	SHH_WT_models27167.py	SHH_WT_models8846.py	SHH_WT_models34442.py	SHH_WT_models18377.py	SHH_WT_models41778.py	SHH_WT_models9585.py	SHH_WT_models8077.py	SHH_WT_models32116.py	SHH_WT_models11050.py	SHH_WT_models34664.py	SHH_WT_models32695.py	SHH_WT_models7948.py	SHH_WT_models35309.py	SHH_WT_models192.py	SHH_WT_models23133.py	SHH_WT_models6070.py	SHH_WT_models28238.py	SHH_WT_models34190.py	SHH_WT_models48341.py	SHH_WT_models22069.py	SHH_WT_models13902.py	SHH_WT_models49537.py	SHH_WT_models38655.py	
SHH_WT_models39112.py	0.0	602.432	3937.837	3850.241	3955.637	612.092	3875.436	543.814	592.599	706.302	4112.683	755.381	560.608	470.361	666.405	658.851	654.528	3867.959	4161.392	782.277	769.691	669.933	3925.161	518.988	3947.547	752.477	3856.062	3854.936	3906.217	3868.438	3950.382	3849.355	784.901	4029.998	744.191	3932.384	793.882	3951.757	3843.218	3930.441	643.46	802.615	868.287	815.567	3842.252	878.783	831.921	706.788	3840.964	826.656	786.326	3906.979	3880.066	3878.534	922.913	731.529	3866.022	841.245	811.407	3948.439	3869.012	938.922	858.538	3745.359	852.149	3895.68	3871.151	3889.75	972.002	3821.469	694.075	827.299	3926.949	834.924	3914.569	3906.099	921.026	795.236	3822.897	712.34	1212.622	3851.703	1254.884	4274.611	3890.349	1267.183	855.504	3834.835	4249.169	1683.225	4349.758	4161.568	4144.603	1255.262	1233.094	1315.264	4209.892	1249.424	954.616	1212.53	4098.712	1259.928	4253.324	4244.911	4242.059	4127.589	
SHH_WT_models17169.py	602.432	0.0	3788.879	3675.556	3836.559	443.301	3746.459	439.896	841.305	823.987	4012.732	842.572	446.511	482.02	758.15	386.142	845.432	3752.457	4139.885	632.135	715.657	518.282	3789.315	701.678	3794.991	693.503	3729.315	3683.405	3770.789	3745.323	3815.452	3687.437	783.111	3906.637	489.393	3753.657	703.111	3830.903	3712.913	3797.83	674.035	739.33	776.089	672.404	3713.392	751.662	836.883	763.428	3700.914	768.592	942.344	3744.823	3769.214	3748.626	753.518	869.922	3717.189	741.407	907.772	3812.483	3735.746	754.054	705.527	3568.442	767.031	3780.152	3744.705	3764.835	852.498	3695.043	608.435	776.162	3816.007	873.401	3748.03	3755.272	855.134	842.869	3692.051	759.948	1061.846	3696.976	1136.05	4107.917	3700.745	1276.228	694.931	3688.056	4104.12	1610.259	4253.183	3991.299	3976.979	1272.363	1136.249	1350.849	4068.035	1348.616	851.131	1080.051	3948.488	1324.513	4094.587	4082.638	4096.535	3974.322	
SHH_WT_models39507.py	3937.837	3788.879	0.0	489.51	624.88	3854.951	908.21	3885.7	3996.728	3992.429	1308.197	3975.434	3835.071	3885.908	3936.658	3827.124	3999.122	887.457	1254.12	3895.485	3893.58	3911.824	863.889	3906.178	927.433	3867.843	1010.442	577.402	990.315	1019.384	900.662	664.194	3913.788	865.023	3762.635	506.094	3836.739	1010.577	1038.559	926.323	3861.253	3851.847	3871.569	3821.991	865.282	3875.915	3957.62	3966.085	1010.886	3864.218	4026.581	905.158	952.05	734.785	3874.879	4024.551	932.378	3889.163	3965.353	1017.733	1068.687	3825.235	3833.933	754.405	3890.325	1071.624	1066.095	1015.312	3881.397	916.327	3917.095	3877.793	943.79	3857.413	1033.143	1121.196	3840.548	3860.008	939.494	3802.843	4044.029	1051.662	4107.422	1288.895	761.726	4217.131	3799.305	1124.758	1326.539	4132.806	1473.237	1333.296	1300.462	4182.47	4097.163	4286.783	1258.874	4260.287	3820.658	4041.165	1268.971	4229.825	1304.554	1329.45	1270.905	1325.887	
SHH_WT_models29348.py	3850.241	3675.556	489.51	0.0	711.667	3739.439	810.985	3770.279	3923.584	3927.62	1335.992	3905.214	3716.671	3767.089	3833.077	3697.221	3913.937	858.73	1473.858	3786.148	3800.266	3795.005	867.885	3802.635	814.629	3769.057	894.166	367.547	874.585	958.521	889.884	375.571	3802.688	898.865	3624.593	507.782	3746.645	1049.334	901.851	909.375	3747.177	3759.27	3774.471	3720.843	807.089	3773.292	3872.336	3858.841	866.842	3761.311	3941.503	785.364	931.903	758.655	3764.295	3918.102	866.813	3765.062	3860.824	1017.851	934.548	3723.198	3728.502	491.056	3797.363	1027.0	942.139	1005.887	3772.658	831.189	3787.665	3781.431	1024.276	3762.36	938.353	978.216	3733.593	3765.592	906.739	3696.236	3921.292	906.373	3989.445	1365.838	665.168	4095.851	3692.624	1040.081	1367.485	4022.589	1601.652	1276.69	1248.452	4060.197	3973.082	4163.671	1329.644	4153.163	3721.949	3944.466	1230.317	4110.505	1324.675	1339.576	1323.125	1298.925	
SHH_WT_models8890.py	3955.637	3836.559	624.88	711.667	0.0	3878.025	530.684	3889.219	3967.045	3927.797	893.731	3917.531	3892.347	3923.145	3931.033	3869.942	3978.491	698.439	982.472	3886.848	3887.514	3913.15	749.714	3921.471	666.747	3861.737	687.74	718.63	723.88	722.516	777.546	828.482	3918.446	777.828	3828.277	660.373	3836.472	884.336	812.496	872.544	3899.126	3848.96	3864.105	3830.033	769.813	3866.838	3908.108	3960.557	899.177	3870.124	3996.619	759.686	772.762	870.937	3870.8	4016.899	839.041	3884.238	3964.9	893.033	784.068	3835.473	3842.809	884.138	3874.874	909.651	843.944	845.26	3873.194	899.386	3943.255	3866.564	681.199	3875.665	906.759	901.187	3860.813	3886.904	853.59	3855.614	4067.014	962.307	4112.098	1225.597	817.363	4227.723	3828.108	933.887	1198.815	4129.931	1353.977	1113.371	1107.128	4205.735	4103.612	4285.014	1146.56	4255.926	3845.739	4038.745	997.925	4237.604	1170.308	1182.955	1179.615	1095.461	
SHH_WT_models22582.py	612.092	443.301	3854.951	3739.439	3878.025	0.0	3796.723	397.429	786.451	850.313	4061.432	876.643	434.731	434.921	830.542	531.104	832.039	3808.366	4188.641	695.366	799.412	419.338	3843.344	716.223	3832.517	915.036	3765.947	3737.111	3811.519	3794.168	3873.583	3735.585	809.555	3966.451	603.594	3800.472	794.549	3887.06	3749.26	3857.329	661.998	809.665	880.068	784.417	3754.302	825.384	864.963	803.814	3742.667	819.31	887.962	3780.015	3806.331	3805.102	764.983	838.142	3764.27	710.062	899.684	3872.166	3767.841	962.155	850.642	3625.811	945.272	3836.452	3797.073	3802.003	878.434	3743.081	490.489	894.607	3868.774	1004.538	3790.411	3802.555	870.353	892.6	3739.364	808.586	1055.547	3736.868	1075.408	4177.981	3747.824	1262.445	950.207	3726.86	4165.407	1808.989	4329.44	4023.469	4007.153	1270.283	1064.225	1327.424	4130.72	1358.502	1008.208	1084.232	3975.652	1330.259	4151.323	4128.738	4156.412	4001.119	
SHH_WT_models35923.py	3875.436	3746.459	908.21	810.985	530.684	3796.723	0.0	3789.744	3873.353	3843.575	967.652	3821.127	3800.23	3832.09	3825.051	3776.639	3880.771	509.939	1191.806	3793.55	3794.115	3823.321	683.008	3825.574	529.655	3748.463	494.608	850.325	550.832	461.198	695.814	948.972	3814.343	765.69	3728.583	904.638	3738.401	757.729	596.97	769.487	3805.414	3757.309	3768.638	3734.043	718.745	3768.849	3807.863	3852.833	704.999	3776.466	3894.046	713.903	726.643	914.495	3776.944	3916.105	780.631	3786.232	3861.535	771.056	585.169	3725.665	3740.468	866.035	3772.586	706.631	563.017	801.013	3779.762	840.189	3847.379	3773.545	561.372	3772.594	812.64	595.224	3768.62	3797.145	809.053	3759.275	3968.344	830.281	4021.076	1279.508	941.523	4116.984	3719.913	771.784	1183.84	3992.169	1467.732	1072.986	1086.746	4091.868	4007.644	4175.617	1164.395	4145.038	3743.938	3954.879	975.454	4123.918	1175.206	1186.714	1224.265	1080.819	
SHH_WT_models28174.py	543.814	439.896	3885.7	3770.279	3889.219	397.429	3789.744	0.0	575.746	648.726	4042.466	649.841	527.804	464.572	608.892	542.673	626.655	3808.648	4164.689	544.117	626.997	351.386	3854.914	556.273	3841.435	658.407	3766.199	3765.598	3819.865	3788.229	3885.582	3764.395	627.033	3979.01	606.027	3832.357	600.366	3890.099	3754.206	3870.914	629.351	660.595	708.534	612.933	3765.538	647.771	660.839	563.301	3751.976	674.802	691.355	3796.484	3814.031	3824.833	639.885	680.494	3779.856	589.797	730.705	3880.822	3770.323	745.636	659.046	3648.201	722.583	3838.319	3799.559	3807.773	739.57	3759.842	462.449	708.793	3858.87	803.055	3804.295	3808.704	770.999	774.667	3755.345	741.714	1012.508	3749.783	1075.226	4184.451	3771.481	1146.987	712.555	3733.47	4169.148	1643.356	4317.113	4024.9	4011.0	1149.856	1041.353	1236.412	4132.583	1217.756	800.844	1051.704	3973.674	1202.402	4156.757	4136.157	4162.572	4000.233	
SHH_WT_models48773.py	592.599	841.305	3996.728	3923.584	3967.045	786.451	3873.353	575.746	0.0	550.968	4088.35	525.205	905.938	757.299	505.579	973.067	355.866	3876.202	4115.335	724.073	645.598	733.037	3933.337	530.988	3945.04	785.491	3850.938	3923.396	3909.946	3854.038	3959.721	3921.816	631.252	4024.021	1024.301	3981.477	632.888	3935.718	3849.302	3945.903	776.755	688.076	775.003	731.438	3860.721	751.024	567.941	531.465	3861.666	727.133	389.678	3920.885	3880.495	3923.143	773.038	534.499	3890.944	694.948	529.737	3946.013	3867.376	844.092	790.643	3815.445	810.448	3894.762	3879.564	3885.193	813.599	3861.327	800.054	786.936	3901.942	766.611	3926.224	3912.142	804.927	773.492	3851.31	829.98	1271.876	3874.557	1327.211	4280.279	3947.1	1201.867	907.547	3836.705	4246.08	1792.35	4340.176	4159.334	4148.567	1192.553	1255.743	1323.578	4212.046	1211.968	901.133	1251.399	4094.768	1189.8	4261.273	4247.126	4255.971	4120.865	
SHH_WT_models27908.py	706.302	823.987	3992.429	3927.62	3927.797	850.313	3843.575	648.726	550.968	0.0	3997.127	321.732	1027.686	911.082	751.124	960.516	710.495	3861.712	4047.374	754.705	748.267	783.367	3920.199	813.281	3924.625	606.973	3834.976	3924.038	3887.398	3834.396	3941.804	3938.419	875.427	4004.898	1113.913	3979.486	739.905	3924.596	3845.964	3937.059	1024.968	766.9	805.027	840.867	3863.607	803.696	493.914	783.076	3868.276	860.864	739.639	3916.84	3873.104	3933.48	854.342	859.534	3886.074	853.338	882.11	3933.072	3855.857	825.291	825.484	3839.576	756.867	3880.519	3862.695	3880.395	908.577	3868.108	976.675	797.13	3883.667	919.398	3921.838	3889.824	1005.417	992.487	3852.402	1077.62	1264.997	3886.023	1252.027	4261.953	3957.347	1277.587	939.762	3832.901	4221.588	1522.056	4299.073	4145.663	4137.503	1293.388	1237.194	1289.442	4192.9	1251.076	983.482	1123.239	4076.748	1255.387	4235.287	4225.548	4236.007	4106.698	
SHH_WT_models44428.py	4112.683	4012.732	1308.197	1335.992	893.731	4061.432	967.652	4042.466	4088.35	3997.127	0.0	3983.982	4101.216	4116.735	4073.045	4040.594	4116.352	1342.673	675.655	4020.366	4040.351	4059.659	1442.539	4098.31	1196.23	3957.92	1266.293	1414.483	1312.597	1260.765	1426.947	1504.082	4081.493	1384.808	4017.037	1304.855	4002.855	1506.676	1425.966	1543.115	4104.415	4010.956	4010.525	4001.147	1485.845	4015.06	3998.794	4107.746	1556.293	4044.905	4115.566	1420.036	1467.8	1671.062	4025.266	4155.439	1564.326	4034.733	4122.446	1511.833	1369.022	3965.899	3990.107	1471.365	3990.539	1514.025	1424.809	1525.817	4024.608	1649.342	4119.076	4007.906	1285.12	4047.731	1531.961	1414.325	4048.227	4087.063	1593.261	4079.454	4219.819	1610.769	4244.303	1391.184	1424.498	4334.474	3982.767	1553.177	1438.221	4111.919	1250.961	1319.752	1359.325	4326.774	4246.047	4366.35	1432.922	4339.734	4010.33	4178.556	1294.548	4331.362	1420.081	1449.406	1435.362	1380.206	
SHH_WT_models2347.py	755.381	842.572	3975.434	3905.214	3917.531	876.643	3821.127	649.841	525.205	321.732	3983.982	0.0	1038.556	923.543	682.091	965.664	669.425	3842.724	4041.38	738.451	702.994	760.354	3897.255	799.252	3902.22	601.712	3812.352	3906.178	3867.016	3807.924	3924.074	3919.304	842.069	3988.673	1094.167	3963.039	725.723	3901.997	3822.103	3917.655	1015.491	753.763	773.781	818.431	3842.973	787.555	410.724	747.318	3844.686	850.28	654.827	3896.792	3855.022	3920.267	850.561	819.207	3868.433	819.617	844.814	3913.405	3832.759	763.876	787.48	3810.973	677.726	3862.059	3842.262	3859.872	876.616	3854.684	963.294	760.641	3864.338	896.877	3899.907	3861.315	957.826	986.068	3836.199	1077.838	1248.283	3863.539	1272.95	4239.931	3934.986	1237.923	896.849	3812.746	4204.91	1500.262	4287.355	4122.368	4116.042	1266.969	1230.112	1283.973	4179.482	1222.472	934.226	1144.036	4056.946	1228.641	4216.082	4209.251	4223.003	4083.876	
SHH_WT_models37605.py	560.608	446.511	3835.071	3716.671	3892.347	434.731	3800.23	527.804	905.938	1027.686	4101.216	1038.556	0.0	321.833	834.199	467.179	880.41	3801.175	4234.771	815.344	852.877	588.949	3842.527	672.553	3851.674	944.761	3776.52	3721.344	3822.11	3797.343	3875.955	3717.651	827.506	3977.043	452.017	3799.739	859.004	3890.015	3752.532	3850.619	546.815	892.461	937.324	815.731	3748.892	912.469	1047.808	799.985	3736.769	868.695	999.099	3791.15	3812.823	3788.98	913.931	887.866	3762.78	855.908	956.125	3872.607	3778.988	1008.747	900.384	3590.568	955.497	3835.117	3794.027	3806.45	1001.303	3729.724	500.702	914.135	3875.64	945.597	3796.071	3805.478	906.456	832.617	3730.994	658.052	1127.958	3732.61	1214.713	4139.67	3727.532	1336.738	858.948	3732.275	4141.153	1822.395	4299.222	4016.96	3999.743	1326.847	1203.265	1428.936	4098.801	1406.752	975.586	1220.433	3970.991	1404.41	4127.195	4112.177	4125.758	3995.766	
SHH_WT_models25404.py	470.361	482.02	3885.908	3767.089	3923.145	434.921	3832.09	464.572	757.299	911.082	4116.735	923.543	321.833	0.0	643.871	487.259	685.543	3827.565	4237.169	644.158	668.347	536.541	3869.04	466.332	3874.863	864.543	3792.825	3765.762	3840.226	3819.552	3898.865	3763.016	619.002	3998.556	499.923	3842.471	712.539	3912.657	3771.612	3878.929	352.042	703.883	744.229	651.257	3774.013	719.34	876.557	616.119	3762.974	664.875	826.966	3814.189	3828.476	3825.852	721.592	684.313	3786.692	673.694	751.853	3896.352	3796.583	861.726	722.808	3653.583	830.455	3858.295	3822.236	3823.091	802.358	3758.471	488.838	752.424	3906.126	779.235	3819.077	3835.02	715.009	658.167	3758.767	521.784	1156.514	3755.849	1255.814	4210.476	3797.979	1317.42	750.783	3752.566	4200.983	1878.467	4351.638	4073.606	4056.122	1315.23	1212.697	1437.277	4158.882	1394.496	819.007	1236.47	4022.396	1369.323	4192.279	4169.336	4191.251	4047.069	
SHH_WT_models1709.py	666.405	758.15	3936.658	3833.077	3931.033	830.542	3825.051	608.892	505.579	751.124	4073.045	682.091	834.199	643.871	0.0	838.493	304.931	3824.089	4159.362	482.951	323.874	695.527	3875.656	336.425	3885.853	693.297	3788.147	3829.974	3841.957	3799.886	3903.01	3831.931	311.384	3986.501	860.547	3902.311	413.926	3892.423	3780.337	3887.112	542.124	409.545	432.345	411.334	3794.683	452.789	549.408	281.558	3788.224	388.724	455.092	3848.27	3825.164	3862.288	554.395	380.561	3812.916	493.141	352.873	3894.057	3802.218	530.758	494.653	3723.866	513.599	3841.078	3821.248	3825.335	531.616	3789.85	760.606	435.871	3873.928	401.987	3848.53	3844.072	472.826	454.232	3781.0	606.712	1276.819	3794.771	1416.496	4233.502	3866.022	1271.845	565.694	3765.536	4210.962	1872.566	4323.514	4105.548	4090.809	1266.297	1322.608	1469.354	4172.845	1327.403	512.034	1308.253	4042.989	1270.509	4216.508	4198.125	4216.698	4066.905	
SHH_WT_models31532.py	658.851	386.142	3827.124	3697.221	3869.942	531.104	3776.639	542.673	973.067	960.516	4040.594	965.664	467.179	487.259	838.493	0.0	939.932	3790.191	4198.522	697.282	850.757	502.64	3826.517	769.888	3812.898	767.68	3750.692	3703.497	3791.875	3780.24	3851.93	3698.357	872.895	3947.467	367.903	3768.901	873.54	3874.872	3733.739	3835.776	720.931	874.397	866.131	803.481	3741.49	849.746	959.625	828.66	3724.227	864.779	1025.543	3760.075	3799.485	3787.373	846.635	924.23	3742.948	803.783	1025.21	3854.788	3755.519	839.264	802.161	3589.84	803.468	3820.659	3782.01	3795.908	925.382	3724.319	577.395	833.231	3864.885	955.997	3766.542	3784.92	964.131	939.764	3722.894	835.522	1062.824	3716.998	1157.355	4135.827	3720.664	1292.836	719.676	3714.239	4134.56	1603.195	4293.368	4002.786	3986.825	1313.716	1149.71	1371.82	4100.468	1368.522	919.138	1167.328	3964.853	1347.749	4122.759	4099.69	4126.298	3988.158	
SHH_WT_models15235.py	654.528	845.432	3999.122	3913.937	3978.491	832.039	3880.771	626.655	355.866	710.495	4116.352	669.425	880.41	685.543	304.931	939.932	0.0	3874.91	4162.905	609.382	468.977	714.663	3928.787	381.999	3942.394	828.178	3845.209	3908.395	3901.819	3854.408	3956.114	3910.239	399.998	4026.456	975.612	3974.61	532.091	3935.576	3839.933	3941.222	601.007	543.494	611.265	574.051	3852.785	590.322	570.747	313.502	3851.901	522.576	286.242	3909.616	3874.276	3918.758	629.319	312.047	3877.65	586.341	327.222	3943.873	3859.375	725.398	666.443	3803.795	668.918	3892.132	3878.606	3877.48	641.893	3850.867	773.233	636.363	3913.64	591.868	3915.264	3906.215	604.452	547.791	3841.608	687.303	1310.93	3860.555	1421.686	4294.657	3944.851	1255.729	776.458	3826.527	4261.505	1934.986	4364.38	4166.744	4153.382	1246.29	1331.181	1447.362	4224.985	1299.344	738.61	1333.567	4102.753	1256.48	4273.546	4256.494	4270.262	4126.822	
SHH_WT_models5070.py	3867.959	3752.457	887.457	858.73	698.439	3808.366	509.939	3808.648	3876.202	3861.712	1342.673	3842.724	3801.175	3827.565	3824.089	3790.191	3874.91	0.0	1380.65	3804.459	3785.105	3847.336	346.75	3813.621	585.157	3765.955	436.668	818.395	427.36	323.794	343.899	962.388	3810.657	534.711	3741.92	945.201	3729.979	409.636	423.511	402.681	3792.503	3743.517	3760.841	3727.161	485.591	3767.33	3821.01	3855.652	485.648	3761.878	3897.663	596.391	439.599	585.998	3777.421	3916.148	480.712	3797.449	3852.298	408.501	510.424	3727.213	3739.028	936.061	3779.495	369.197	335.031	527.065	3777.857	514.042	3864.688	3772.376	446.838	3752.692	622.596	456.294	3750.691	3767.94	477.884	3731.717	4000.64	604.376	4057.09	1405.743	1064.547	4148.313	3721.848	564.103	1260.036	4054.791	1652.074	1267.503	1264.552	4118.726	4038.705	4203.309	1219.488	4169.689	3732.497	3975.332	1160.444	4148.21	1274.619	1269.345	1302.917	1233.6	
SHH_WT_models11760.py	4161.392	4139.885	1254.12	1473.858	982.472	4188.641	1191.806	4164.689	4115.335	4047.374	675.655	4041.38	4234.771	4237.169	4159.362	4198.522	4162.905	1380.65	0.0	4147.227	4132.709	4197.114	1446.256	4178.97	1370.204	4067.512	1429.783	1552.941	1453.514	1357.847	1418.162	1673.458	4190.145	1324.711	4187.787	1389.183	4096.062	1455.82	1576.952	1533.384	4222.978	4105.806	4120.438	4114.52	1554.335	4134.119	4078.391	4206.984	1681.501	4153.139	4160.266	1539.566	1496.451	1639.315	4156.762	4223.248	1622.464	4171.249	4193.704	1483.391	1544.462	4087.248	4112.952	1676.577	4098.173	1531.383	1532.029	1549.892	4152.378	1694.324	4268.122	4118.324	1268.506	4138.634	1624.112	1570.55	4162.25	4172.921	1625.047	4186.903	4373.228	1721.187	4383.086	1356.197	1593.544	4431.49	4115.622	1651.798	1419.116	4247.177	1145.02	1523.087	1555.136	4421.138	4387.077	4444.928	1391.472	4393.426	4130.176	4291.728	1491.48	4402.803	1449.134	1488.231	1418.154	1553.844	
SHH_WT_models44981.py	782.277	632.135	3895.485	3786.148	3886.848	695.366	3793.55	544.117	724.073	754.705	4020.366	738.451	815.344	644.158	482.951	697.282	609.382	3804.459	4147.227	0.0	384.864	514.255	3837.607	579.775	3818.171	682.439	3746.914	3778.988	3792.431	3773.904	3863.614	3786.933	474.08	3946.594	759.351	3828.659	475.086	3867.976	3744.189	3853.688	661.199	383.689	360.719	411.473	3762.691	334.08	535.205	495.538	3751.556	401.063	683.131	3778.673	3797.208	3835.483	305.254	572.128	3762.158	308.787	604.655	3859.687	3759.1	474.819	380.235	3687.749	552.554	3823.124	3797.371	3789.463	330.388	3762.112	675.764	410.022	3855.265	639.447	3779.954	3796.68	520.659	640.639	3748.043	774.631	1146.801	3747.033	1252.188	4189.838	3808.892	1236.888	619.149	3716.959	4174.326	1825.976	4311.457	4042.692	4028.273	1252.845	1177.997	1405.165	4144.278	1354.823	541.107	1178.717	3997.443	1278.258	4168.282	4141.103	4179.247	4013.31	
SHH_WT_models49283.py	769.691	715.657	3893.58	3800.266	3887.514	799.412	3794.115	626.997	645.598	748.267	4040.351	702.994	852.877	668.347	323.874	850.757	468.977	3785.105	4132.709	384.864	0.0	691.037	3822.363	464.8	3841.192	716.468	3748.263	3787.999	3797.007	3759.704	3852.462	3803.071	336.671	3938.134	891.268	3857.183	342.179	3844.843	3740.485	3839.673	573.648	238.067	257.215	284.615	3751.247	308.556	496.999	405.654	3748.039	286.32	594.667	3799.092	3782.017	3819.89	405.628	497.714	3760.025	451.907	463.0	3843.008	3758.297	457.371	398.756	3693.013	472.628	3800.366	3782.454	3774.518	400.077	3749.491	805.25	343.506	3835.047	468.299	3793.663	3795.692	362.323	448.822	3733.169	649.04	1265.291	3750.554	1391.879	4205.08	3829.044	1318.254	580.351	3714.742	4183.104	1919.717	4307.143	4075.496	4060.905	1321.142	1306.607	1502.157	4145.449	1404.225	467.715	1251.573	4012.332	1339.64	4183.704	4164.589	4189.479	4035.4	
SHH_WT_models44943.py	669.933	518.282	3911.824	3795.005	3913.15	419.338	3823.321	351.386	733.037	783.367	4059.659	760.354	588.949	536.541	695.527	502.64	714.663	3847.336	4197.114	514.255	691.037	0.0	3885.484	681.581	3852.909	783.604	3790.981	3791.36	3840.859	3822.698	3916.451	3788.4	715.634	4003.585	597.918	3840.914	733.134	3925.762	3783.618	3902.875	691.773	727.926	755.525	714.026	3798.293	704.97	731.336	644.71	3784.24	731.554	732.654	3810.477	3843.959	3862.214	633.97	696.714	3806.168	578.594	824.45	3915.592	3796.234	790.155	744.381	3680.336	739.057	3876.026	3839.632	3839.893	735.146	3796.207	407.922	748.457	3898.293	919.996	3820.519	3837.435	824.423	866.215	3788.753	868.272	998.332	3778.311	1059.28	4214.465	3796.62	1130.812	814.261	3762.582	4206.064	1709.143	4353.61	4046.586	4032.22	1154.644	1023.457	1241.731	4174.446	1235.103	875.308	1092.362	4005.079	1200.396	4189.744	4162.999	4198.497	4023.917	
SHH_WT_models36637.py	3925.161	3789.315	863.889	867.885	749.714	3843.344	683.008	3854.914	3933.337	3920.199	1442.539	3897.255	3842.527	3869.04	3875.656	3826.517	3928.787	346.75	1446.256	3837.607	3822.363	3885.484	0.0	3863.57	541.143	3820.768	474.212	830.832	410.655	412.535	260.89	946.574	3855.731	400.869	3773.972	872.224	3776.095	285.274	432.433	265.247	3835.566	3782.084	3796.505	3767.69	388.549	3804.0	3865.621	3906.31	432.465	3800.155	3949.46	475.743	380.968	518.284	3802.593	3962.501	327.799	3826.017	3901.058	308.033	485.318	3765.73	3778.832	996.089	3827.466	381.841	471.407	385.39	3804.533	472.161	3899.379	3809.364	502.19	3804.897	449.575	476.819	3780.887	3814.252	400.185	3778.191	4036.231	525.115	4091.522	1412.294	1078.34	4195.402	3770.808	448.243	1271.222	4116.886	1721.518	1288.462	1272.702	4170.824	4071.685	4251.508	1247.431	4233.501	3770.8	4015.503	1198.989	4203.433	1285.948	1264.072	1336.852	1245.377	
SHH_WT_models47783.py	518.988	701.678	3906.178	3802.635	3921.471	716.223	3825.574	556.273	530.988	813.281	4098.31	799.252	672.553	466.332	336.425	769.888	381.999	3813.621	4178.97	579.775	464.8	681.581	3863.57	0.0	3881.535	777.722	3783.932	3794.617	3835.941	3802.826	3892.341	3795.155	405.399	3987.784	777.977	3874.449	516.283	3891.261	3767.769	3875.236	368.449	489.903	565.372	508.505	3773.923	574.066	693.363	380.863	3768.779	459.755	569.698	3828.577	3815.513	3830.023	632.592	461.1	3789.002	574.386	428.606	3887.57	3793.823	703.978	594.143	3685.574	686.766	3839.259	3814.28	3812.907	629.842	3760.159	660.226	568.032	3875.303	486.06	3832.341	3837.887	529.901	411.159	3754.582	409.477	1269.247	3771.524	1390.054	4228.218	3830.828	1296.513	648.694	3751.856	4207.162	1930.807	4331.937	4094.576	4076.429	1283.858	1306.403	1467.295	4163.024	1347.472	619.263	1312.783	4033.048	1308.655	4206.26	4186.607	4204.554	4057.22	
SHH_WT_models36833.py	3947.547	3794.991	927.433	814.629	666.747	3832.517	529.655	3841.435	3945.04	3924.625	1196.23	3902.22	3851.674	3874.863	3885.853	3812.898	3942.394	585.157	1370.204	3818.171	3841.192	3852.909	541.143	3881.535	0.0	3823.982	398.614	823.205	359.158	504.122	571.18	880.065	3856.637	572.555	3758.576	731.987	3793.282	642.801	458.604	612.487	3848.958	3800.229	3808.855	3780.082	566.302	3803.417	3862.367	3902.468	520.393	3812.083	3952.255	327.215	587.589	803.651	3786.846	3959.003	581.093	3800.005	3908.444	641.481	430.81	3769.056	3779.52	953.877	3837.329	665.267	617.452	609.636	3791.658	719.035	3867.205	3819.745	646.12	3836.032	450.791	508.242	3796.54	3846.895	693.622	3809.722	4001.99	566.106	4054.533	1323.781	981.124	4156.825	3779.32	554.759	1220.155	4094.745	1645.895	1066.286	1056.931	4136.262	4033.307	4220.06	1234.654	4212.724	3786.807	4007.667	1037.855	4175.431	1215.093	1153.125	1277.655	1075.978	
SHH_WT_models26485.py	752.477	693.503	3867.843	3769.057	3861.737	915.036	3748.463	658.407	785.491	606.973	3957.92	601.712	944.761	864.543	693.297	767.68	828.178	3765.955	4067.512	682.439	716.468	783.604	3820.768	777.722	3823.982	0.0	3742.78	3771.909	3788.833	3744.319	3841.517	3780.792	843.309	3925.003	859.744	3843.111	695.295	3841.782	3741.652	3832.717	949.828	721.935	685.078	738.645	3761.289	717.072	646.914	771.608	3747.399	801.283	889.705	3801.489	3792.892	3811.38	835.744	912.619	3767.328	843.73	925.657	3836.853	3759.256	537.91	656.96	3670.356	533.617	3788.217	3761.911	3793.067	864.19	3750.298	957.873	650.696	3813.278	758.829	3800.192	3778.879	934.46	939.524	3742.027	984.154	1205.964	3758.111	1274.012	4149.896	3800.539	1279.884	583.912	3726.117	4128.214	1343.767	4242.842	4036.791	4026.943	1290.192	1255.702	1336.728	4098.372	1274.339	715.102	1167.085	3982.119	1256.445	4131.015	4123.04	4137.671	4008.877	
SHH_WT_models34323.py	3856.062	3729.315	1010.442	894.166	687.74	3765.947	494.608	3766.199	3850.938	3834.976	1266.293	3812.352	3776.52	3792.825	3788.147	3750.692	3845.209	436.668	1429.783	3746.914	3748.263	3790.981	474.212	3783.932	398.614	3742.78	0.0	871.77	259.945	293.369	517.509	944.516	3766.66	625.787	3703.263	903.944	3703.096	562.804	256.386	556.709	3760.062	3708.975	3719.794	3692.734	456.531	3720.825	3773.707	3812.155	421.981	3719.9	3859.951	434.43	411.142	758.022	3717.502	3870.784	467.093	3729.613	3813.7	575.273	314.578	3689.405	3699.957	987.501	3747.773	518.299	454.816	460.405	3715.636	593.728	3808.533	3727.682	565.388	3733.838	497.361	447.094	3706.505	3746.671	531.778	3713.391	3957.83	512.919	4012.025	1439.939	1067.792	4106.687	3695.21	435.177	1297.197	4042.967	1712.867	1181.977	1178.374	4086.644	3988.123	4167.805	1286.143	4148.377	3698.762	3948.07	1079.061	4116.162	1303.044	1258.796	1367.312	1132.667	
SHH_WT_models38276.py	3854.936	3683.405	577.402	367.547	718.63	3737.111	850.325	3765.598	3923.396	3924.038	1414.483	3906.178	3721.344	3765.762	3829.974	3703.497	3908.395	818.395	1552.941	3778.988	3787.999	3791.36	830.832	3794.617	823.205	3771.909	871.77	0.0	849.305	955.376	845.831	367.492	3790.106	935.878	3639.812	543.133	3732.387	1044.976	865.732	902.485	3742.102	3741.399	3758.176	3707.661	787.946	3754.728	3867.588	3847.988	846.558	3744.121	3938.139	750.538	901.024	702.602	3745.323	3913.245	803.679	3755.619	3851.919	980.97	890.132	3716.392	3716.479	457.778	3791.856	1028.591	919.187	965.113	3753.63	780.832	3783.17	3768.655	1022.914	3747.844	917.303	948.216	3715.979	3748.583	832.633	3685.775	3914.97	858.368	3982.014	1470.263	645.414	4089.397	3690.607	1002.222	1438.93	4055.713	1708.822	1305.361	1276.012	4055.904	3960.998	4158.124	1378.579	4150.424	3704.467	3930.179	1236.205	4105.887	1365.662	1376.877	1371.186	1317.818	
SHH_WT_models29459.py	3906.217	3770.789	990.315	874.585	723.88	3811.519	550.832	3819.865	3909.946	3887.398	1312.597	3867.016	3822.11	3840.226	3841.957	3791.875	3901.819	427.36	1453.514	3792.431	3797.007	3840.859	410.655	3835.941	359.158	3788.833	259.945	849.305	0.0	339.188	444.554	938.404	3819.396	555.419	3742.526	881.809	3751.983	506.532	272.493	457.038	3807.658	3754.512	3765.113	3741.353	445.7	3767.958	3823.357	3868.04	396.026	3765.498	3917.81	390.826	399.676	727.144	3762.235	3925.419	420.547	3777.026	3865.462	507.939	364.078	3731.339	3745.415	998.05	3796.27	484.593	437.047	469.481	3758.516	536.628	3856.96	3776.028	601.466	3782.973	433.635	370.799	3750.257	3794.737	495.791	3759.8	3999.22	490.724	4052.37	1441.123	1082.175	4149.554	3743.066	431.449	1293.574	4083.907	1734.39	1209.067	1192.364	4129.179	4029.627	4208.69	1290.024	4193.96	3745.783	3988.777	1117.788	4158.569	1308.524	1253.982	1368.397	1170.039	
SHH_WT_models29007.py	3868.438	3745.323	1019.384	958.521	722.516	3794.168	461.198	3788.229	3854.038	3834.396	1260.765	3807.924	3797.343	3819.552	3799.886	3780.24	3854.408	323.794	1357.847	3773.904	3759.704	3822.698	412.535	3802.826	504.122	3744.319	293.369	955.376	339.188	0.0	466.154	1068.218	3786.847	588.899	3729.934	995.089	3710.334	426.101	351.032	490.861	3783.619	3722.477	3734.547	3708.209	496.708	3739.876	3780.451	3830.651	480.303	3741.076	3867.84	572.84	439.647	763.821	3745.512	3889.606	525.769	3762.638	3828.206	475.005	418.929	3698.278	3716.921	1042.063	3754.082	406.426	377.98	477.3	3744.198	617.5	3843.261	3744.668	448.531	3741.197	565.621	400.845	3726.607	3761.392	554.492	3732.534	3982.159	583.612	4036.521	1403.573	1140.749	4123.468	3707.937	461.936	1258.021	4031.212	1660.999	1216.362	1220.032	4100.661	4015.442	4180.124	1240.178	4152.377	3712.09	3960.455	1108.481	4126.249	1282.419	1257.746	1341.469	1169.542	
SHH_WT_models42278.py	3950.382	3815.452	900.662	889.884	777.546	3873.583	695.814	3885.582	3959.721	3941.804	1426.947	3924.074	3875.955	3898.865	3903.01	3851.93	3956.114	343.899	1418.162	3863.614	3852.462	3916.451	260.89	3892.341	571.18	3841.517	517.509	845.831	444.554	466.154	0.0	982.173	3883.717	351.66	3802.126	928.063	3799.987	361.971	485.143	312.347	3865.537	3807.161	3822.512	3793.004	525.585	3828.24	3894.031	3935.834	508.507	3826.797	3978.413	533.627	460.157	573.419	3827.416	3990.249	434.644	3853.383	3928.53	248.642	555.928	3786.573	3801.034	1045.037	3852.758	383.668	435.703	514.202	3832.016	538.935	3932.784	3839.338	544.202	3828.966	519.389	478.624	3811.178	3841.672	468.769	3805.465	4062.282	563.797	4116.826	1407.454	1126.005	4220.275	3794.043	543.657	1245.133	4136.45	1698.303	1296.186	1294.509	4193.087	4098.254	4275.002	1230.396	4253.32	3796.795	4039.161	1227.686	4222.562	1268.717	1250.906	1306.447	1287.025	
SHH_WT_models9748.py	3849.355	3687.437	664.194	375.571	828.482	3735.585	948.972	3764.395	3921.816	3938.419	1504.082	3919.304	3717.651	3763.016	3831.931	3698.357	3910.239	962.388	1673.458	3786.933	3803.071	3788.4	946.574	3795.155	880.065	3780.792	944.516	367.492	938.404	1068.218	982.173	0.0	3797.187	1026.321	3630.842	558.984	3749.901	1152.456	923.61	994.89	3744.144	3761.523	3777.065	3722.277	827.284	3773.536	3881.306	3850.429	875.375	3758.952	3938.149	790.328	969.63	760.565	3760.449	3912.586	888.235	3758.91	3856.255	1104.36	937.128	3733.798	3732.325	523.35	3806.729	1117.901	1023.453	1026.018	3770.059	824.523	3775.123	3782.353	1127.917	3761.142	966.072	1064.537	3734.101	3762.945	912.523	3694.07	3910.336	911.087	3977.341	1517.71	656.562	4079.958	3695.597	1058.799	1496.19	4044.011	1781.674	1334.965	1297.036	4044.312	3956.914	4148.887	1448.351	4139.591	3721.671	3940.863	1266.194	4096.572	1436.587	1429.791	1437.379	1344.099	
SHH_WT_models14847.py	784.901	783.111	3913.788	3802.688	3918.446	809.555	3814.343	627.033	631.252	875.427	4081.493	842.069	827.506	619.002	311.384	872.895	399.998	3810.657	4190.145	474.08	336.671	715.634	3855.731	405.399	3856.637	843.309	3766.66	3790.106	3819.396	3786.847	3883.717	3797.187	0.0	3977.057	858.534	3863.032	398.496	3881.344	3753.642	3869.021	456.416	399.06	436.641	311.218	3766.068	372.09	643.606	287.868	3756.878	303.812	548.653	3805.839	3803.779	3836.998	436.506	389.516	3780.021	437.338	325.77	3874.597	3773.25	601.694	451.903	3690.59	631.201	3832.538	3805.637	3796.159	444.087	3761.268	746.289	501.874	3870.024	466.517	3808.166	3820.847	340.292	359.619	3755.553	559.484	1299.995	3750.068	1450.233	4213.109	3830.98	1346.482	610.214	3731.056	4197.353	2020.397	4324.899	4071.454	4055.811	1329.928	1351.271	1561.606	4154.409	1440.557	508.815	1347.154	4013.789	1372.335	4195.119	4168.247	4195.589	4037.052	
SHH_WT_models2378.py	4029.998	3906.637	865.023	898.865	777.828	3966.451	765.69	3979.01	4024.021	4004.898	1384.808	3988.673	3977.043	3998.556	3986.501	3947.467	4026.456	534.711	1324.711	3946.594	3938.134	4003.585	400.869	3987.784	572.555	3925.003	625.787	935.878	555.419	588.899	351.66	1026.321	3977.057	0.0	3895.735	890.945	3894.521	418.797	637.845	408.883	3969.447	3899.194	3913.798	3888.48	593.435	3920.992	3963.02	4027.246	628.293	3922.376	4041.786	574.791	542.989	654.486	3920.352	4061.059	573.42	3941.685	4009.106	425.323	663.847	3878.24	3894.812	1153.782	3937.342	512.098	632.125	575.66	3923.081	678.67	4030.197	3927.446	604.637	3930.318	558.761	652.204	3909.718	3943.375	662.269	3917.718	4159.959	684.897	4210.304	1286.523	1173.0	4308.905	3893.422	660.511	1156.342	4196.21	1597.473	1257.405	1250.681	4283.147	4195.899	4359.807	1162.784	4330.849	3898.062	4133.041	1217.227	4304.523	1206.306	1172.566	1237.577	1240.731	
SHH_WT_models1483.py	744.191	489.393	3762.635	3624.593	3828.277	603.594	3728.583	606.027	1024.301	1113.913	4017.037	1094.167	452.017	499.923	860.547	367.903	975.612	3741.92	4187.787	759.351	891.268	597.918	3773.972	777.977	3758.576	859.744	3703.263	3639.812	3742.526	3729.934	3802.126	3630.842	858.534	3895.735	0.0	3700.105	893.196	3824.787	3681.881	3780.583	652.41	920.87	901.037	813.646	3685.468	875.268	1066.601	838.78	3665.917	893.303	1073.372	3699.719	3752.296	3730.641	871.477	940.781	3691.356	812.775	1016.838	3801.075	3704.666	888.593	823.515	3513.67	892.408	3772.762	3732.924	3742.934	953.517	3668.716	548.103	882.739	3822.16	948.924	3705.955	3733.024	921.497	930.118	3673.225	801.988	1088.475	3652.193	1214.629	4038.282	3643.594	1312.86	731.298	3660.957	4051.715	1709.871	4212.224	3921.959	3905.92	1311.539	1191.649	1435.424	4016.485	1416.177	893.641	1257.718	3893.077	1382.172	4037.637	4014.125	4037.733	3913.285	
SHH_WT_models22704.py	3932.384	3753.657	506.094	507.782	660.373	3800.472	904.638	3832.357	3981.477	3979.486	1304.855	3963.039	3799.739	3842.471	3902.311	3768.901	3974.61	945.201	1389.183	3828.659	3857.183	3840.914	872.224	3874.449	731.987	3843.111	903.944	543.133	881.809	995.089	928.063	558.984	3863.032	890.945	3700.105	0.0	3805.559	1038.646	940.761	939.356	3820.177	3813.652	3826.539	3780.142	799.322	3820.309	3921.35	3916.24	919.315	3817.054	3995.983	690.426	926.803	806.62	3798.437	3974.766	859.378	3806.459	3924.036	1029.717	949.186	3781.99	3785.918	727.398	3861.327	1097.515	1071.274	952.948	3808.359	894.538	3836.236	3834.348	995.701	3832.958	848.408	1062.62	3791.588	3832.962	919.613	3774.604	3962.887	901.464	4027.599	1337.08	692.42	4138.484	3761.752	1001.372	1367.418	4112.706	1609.362	1217.789	1180.588	4108.762	4007.832	4215.771	1324.264	4210.995	3779.056	3991.074	1189.817	4163.147	1324.568	1286.138	1323.723	1234.314	
SHH_WT_models41149.py	793.882	703.111	3836.739	3746.645	3836.472	794.549	3738.401	600.366	632.888	739.905	4002.855	725.723	859.004	712.539	413.926	873.54	532.091	3729.979	4096.062	475.086	342.179	733.134	3776.095	516.283	3793.282	695.295	3703.096	3732.387	3751.983	3710.334	3799.987	3749.901	398.496	3894.521	893.196	3805.559	0.0	3795.234	3694.048	3790.632	622.439	300.293	372.159	257.5	3707.137	322.849	579.811	464.774	3698.924	351.444	660.472	3750.301	3735.642	3759.992	468.09	633.916	3714.488	522.458	505.205	3789.055	3713.647	488.547	395.806	3635.708	566.807	3749.783	3726.94	3731.362	502.331	3695.444	823.977	463.61	3773.053	410.171	3750.715	3747.298	440.821	451.996	3680.554	621.675	1240.618	3699.467	1363.57	4130.945	3757.422	1323.375	559.668	3665.591	4108.109	1909.975	4242.811	4002.457	3989.574	1305.771	1288.572	1512.233	4066.083	1396.853	464.225	1201.62	3940.46	1340.561	4107.089	4089.732	4107.298	3970.713	
SHH_WT_models46610.py	3951.757	3830.903	1010.577	1049.334	884.336	3887.06	757.729	3890.099	3935.718	3924.596	1506.676	3901.997	3890.015	3912.657	3892.423	3874.872	3935.576	409.636	1455.82	3867.976	3844.843	3925.762	285.274	3891.261	642.801	3841.782	562.804	1044.976	506.532	426.101	361.971	1152.456	3881.344	418.797	3824.787	1038.646	3795.234	0.0	519.466	292.599	3875.623	3805.292	3821.423	3795.908	496.235	3830.246	3872.597	3928.573	521.384	3827.424	3950.802	610.135	427.547	630.545	3834.666	3977.585	468.766	3859.267	3912.526	295.214	597.348	3790.277	3807.131	1178.406	3848.895	310.176	506.043	422.739	3833.575	569.239	3946.011	3835.012	457.468	3825.251	528.811	538.522	3812.402	3841.237	514.912	3816.297	4075.344	609.319	4129.143	1439.857	1245.504	4221.71	3803.166	490.181	1280.534	4129.597	1748.929	1360.223	1346.557	4196.481	4109.848	4275.894	1265.798	4247.266	3801.6	4044.7	1271.969	4221.333	1335.139	1297.569	1378.964	1304.645	
SHH_WT_models39215.py	3843.218	3712.913	1038.559	901.851	812.496	3749.26	596.97	3754.206	3849.302	3845.964	1425.966	3822.103	3752.532	3771.612	3780.337	3733.739	3839.933	423.511	1576.952	3744.189	3740.485	3783.618	432.433	3767.769	458.604	3741.652	256.386	865.732	272.493	351.032	485.143	923.61	3753.642	637.845	3681.881	940.761	3694.048	519.466	0.0	476.992	3737.956	3700.725	3713.45	3682.229	378.215	3714.557	3778.175	3802.528	244.369	3708.469	3857.955	414.651	386.988	674.165	3708.713	3862.407	388.529	3721.245	3802.503	526.589	288.234	3683.182	3690.93	973.232	3748.609	459.961	410.554	410.571	3708.615	480.739	3790.521	3725.019	621.758	3720.755	424.782	387.934	3691.432	3728.774	459.739	3686.706	3942.387	388.552	3999.572	1511.087	1094.314	4095.019	3682.903	351.191	1355.817	4044.063	1821.238	1252.239	1237.964	4071.47	3973.812	4154.318	1343.215	4140.37	3687.401	3939.452	1149.607	4105.887	1368.771	1314.292	1428.293	1200.399	
SHH_WT_models21516.py	3930.441	3797.83	926.323	909.375	872.544	3857.329	769.487	3870.914	3945.903	3937.059	1543.115	3917.655	3850.619	3878.929	3887.112	3835.776	3941.222	402.681	1533.384	3853.688	3839.673	3902.875	265.247	3875.236	612.487	3832.717	556.709	902.485	457.038	490.861	312.347	994.89	3869.021	408.883	3780.583	939.356	3790.632	292.599	476.992	0.0	3846.032	3797.621	3814.797	3783.326	428.418	3822.271	3883.265	3921.101	428.083	3813.98	3963.842	541.637	420.869	509.648	3822.275	3972.625	398.968	3841.625	3909.866	293.329	595.196	3780.74	3794.276	1059.521	3846.556	340.468	470.157	455.203	3822.901	415.723	3913.548	3827.505	567.435	3816.586	478.814	516.022	3795.756	3824.89	429.702	3786.497	4045.625	489.99	4100.911	1451.405	1161.558	4197.635	3783.32	505.499	1301.571	4108.19	1772.832	1354.163	1335.775	4167.176	4082.762	4247.509	1286.882	4230.06	3787.973	4027.989	1276.089	4198.795	1337.824	1306.595	1368.728	1317.806	
