	SHH_WT_models_highres10707.py	SHH_WT_models_highres3231.py	SHH_WT_models_highres35888.py	SHH_WT_models_highres20684.py	SHH_WT_models_highres40627.py	SHH_WT_models_highres24225.py	SHH_WT_models_highres23364.py	SHH_WT_models_highres15190.py	SHH_WT_models_highres27253.py	SHH_WT_models_highres12843.py	SHH_WT_models_highres42759.py	SHH_WT_models_highres31883.py	SHH_WT_models_highres47931.py	SHH_WT_models_highres48059.py	SHH_WT_models_highres16260.py	SHH_WT_models_highres39011.py	SHH_WT_models_highres7416.py	SHH_WT_models_highres24273.py	SHH_WT_models_highres44329.py	SHH_WT_models_highres8834.py	SHH_WT_models_highres30274.py	SHH_WT_models_highres4341.py	SHH_WT_models_highres7736.py	SHH_WT_models_highres8869.py	SHH_WT_models_highres1378.py	SHH_WT_models_highres4863.py	SHH_WT_models_highres42121.py	SHH_WT_models_highres44157.py	SHH_WT_models_highres38493.py	SHH_WT_models_highres32152.py	SHH_WT_models_highres9291.py	SHH_WT_models_highres49590.py	SHH_WT_models_highres12741.py	SHH_WT_models_highres32352.py	SHH_WT_models_highres27213.py	SHH_WT_models_highres4191.py	SHH_WT_models_highres45161.py	SHH_WT_models_highres33371.py	SHH_WT_models_highres36644.py	SHH_WT_models_highres5327.py	SHH_WT_models_highres40612.py	SHH_WT_models_highres7009.py	SHH_WT_models_highres45679.py	SHH_WT_models_highres31237.py	SHH_WT_models_highres38046.py	SHH_WT_models_highres46795.py	SHH_WT_models_highres40714.py	SHH_WT_models_highres32499.py	SHH_WT_models_highres46847.py	SHH_WT_models_highres11523.py	SHH_WT_models_highres9943.py	SHH_WT_models_highres34831.py	SHH_WT_models_highres15191.py	SHH_WT_models_highres9675.py	SHH_WT_models_highres34949.py	SHH_WT_models_highres30124.py	SHH_WT_models_highres40847.py	SHH_WT_models_highres12921.py	SHH_WT_models_highres38933.py	SHH_WT_models_highres26145.py	SHH_WT_models_highres2200.py	SHH_WT_models_highres17007.py	SHH_WT_models_highres15002.py	SHH_WT_models_highres27394.py	SHH_WT_models_highres34461.py	SHH_WT_models_highres15620.py	SHH_WT_models_highres44104.py	SHH_WT_models_highres8601.py	SHH_WT_models_highres29052.py	SHH_WT_models_highres27492.py	SHH_WT_models_highres40816.py	SHH_WT_models_highres23466.py	SHH_WT_models_highres5002.py	SHH_WT_models_highres8490.py	SHH_WT_models_highres15001.py	SHH_WT_models_highres40730.py	SHH_WT_models_highres9303.py	SHH_WT_models_highres1427.py	SHH_WT_models_highres4519.py	SHH_WT_models_highres29850.py	SHH_WT_models_highres6063.py	SHH_WT_models_highres9547.py	SHH_WT_models_highres42018.py	SHH_WT_models_highres16398.py	SHH_WT_models_highres43177.py	
SHH_WT_models_highres10707.py	0.0	1728.301	1732.468	325.762	281.993	349.156	1710.197	277.212	278.804	114.761	280.723	237.355	280.411	372.687	356.102	285.348	189.08	1752.625	285.175	434.728	295.209	358.667	331.093	225.643	1731.512	1687.369	1701.051	1741.061	242.578	404.438	1715.091	350.425	1681.831	389.65	372.669	1730.756	356.173	247.356	1740.214	1717.57	1739.482	1651.094	324.792	1777.236	428.777	361.596	400.741	1714.107	349.807	1753.988	314.349	1738.328	1716.828	289.305	1733.928	1701.872	268.31	242.952	1686.678	302.698	207.694	1690.576	426.294	336.866	1658.436	346.653	1694.662	1669.223	378.071	151.796	440.42	377.09	396.709	347.113	1713.418	1713.163	386.258	1708.065	348.659	397.504	1686.723	1711.95	1641.533	258.196	1749.216	
SHH_WT_models_highres3231.py	1728.301	0.0	167.686	1721.553	1665.783	1742.669	354.72	1707.229	1709.956	1728.48	1763.757	1767.302	1754.231	1739.211	1738.251	1766.334	1737.614	224.025	1760.377	1660.658	1754.228	1735.145	1698.742	1743.627	347.206	368.543	325.854	306.06	1752.175	1753.25	246.025	1740.827	384.737	1735.407	1740.209	376.641	1753.418	1740.839	225.465	249.876	285.935	444.848	1702.839	663.933	1673.283	1758.167	1759.674	331.286	1708.312	211.923	1772.111	402.404	443.079	1738.648	293.146	266.885	1769.617	1755.567	383.228	1710.334	1763.237	382.402	1752.868	1746.892	322.023	1782.318	375.084	398.0	1764.774	1714.969	1693.662	1727.79	1778.222	1717.771	312.249	403.04	1764.337	522.109	1722.956	1746.607	404.345	272.761	350.435	1786.476	328.193	
SHH_WT_models_highres35888.py	1732.468	167.686	0.0	1727.56	1669.483	1744.279	357.091	1707.997	1712.145	1732.364	1767.223	1762.828	1745.78	1740.746	1737.572	1757.802	1737.764	234.245	1755.055	1666.72	1746.14	1741.809	1695.808	1749.254	380.108	392.073	335.228	240.607	1749.727	1752.496	233.495	1744.505	401.249	1732.079	1744.506	397.404	1756.36	1739.084	242.102	263.611	233.932	399.526	1704.965	684.391	1676.479	1758.735	1765.329	365.041	1707.559	222.953	1765.536	358.219	451.08	1735.061	233.988	243.974	1771.583	1750.19	408.795	1714.647	1759.039	411.625	1748.92	1736.457	310.618	1770.053	355.425	428.137	1745.782	1719.065	1693.899	1731.92	1766.911	1714.391	223.66	283.632	1766.571	476.366	1721.734	1750.171	425.997	307.68	393.831	1786.754	273.628	
SHH_WT_models_highres20684.py	325.762	1721.553	1727.56	0.0	427.912	143.844	1690.192	404.441	419.939	323.785	427.102	380.223	396.562	190.797	191.366	398.324	369.463	1730.914	395.319	272.85	394.666	158.871	448.213	377.391	1707.478	1656.285	1700.078	1725.246	381.535	236.622	1703.381	177.556	1655.568	234.069	189.989	1707.258	149.22	392.018	1722.293	1693.287	1722.299	1635.544	434.468	1741.714	284.981	209.088	250.639	1678.542	463.803	1748.853	422.6	1711.666	1740.099	396.506	1730.641	1694.839	399.865	396.501	1666.184	438.875	372.174	1661.674	282.127	433.497	1662.023	436.78	1676.004	1642.465	466.02	350.231	310.779	179.792	457.54	448.203	1706.253	1692.248	232.573	1737.785	464.004	247.369	1664.236	1688.43	1636.924	413.758	1738.442	
SHH_WT_models_highres40627.py	281.993	1665.783	1669.483	427.912	0.0	408.259	1655.878	268.025	238.605	298.403	384.421	357.742	375.107	439.412	402.211	388.163	320.731	1690.895	388.153	392.862	390.54	437.788	282.192	377.557	1678.462	1643.307	1639.014	1680.862	352.142	476.542	1651.447	400.018	1636.531	468.295	468.201	1683.817	449.35	316.417	1680.841	1659.658	1677.426	1603.479	271.001	1737.802	403.633	434.374	468.703	1664.073	292.517	1691.268	421.234	1688.573	1672.281	386.822	1668.069	1641.003	388.046	315.455	1633.98	280.533	353.248	1648.14	501.158	423.487	1595.359	430.788	1643.543	1622.344	455.077	306.984	375.115	431.646	476.262	319.539	1647.166	1650.06	474.501	1665.59	315.685	482.301	1643.558	1654.464	1590.178	371.56	1688.394	
SHH_WT_models_highres24225.py	349.156	1742.669	1744.279	143.844	408.259	0.0	1712.546	396.695	405.346	349.57	440.743	364.248	365.912	188.808	174.957	392.806	369.569	1750.582	376.784	262.994	370.259	178.481	424.855	406.914	1733.073	1678.41	1717.311	1743.91	373.815	221.672	1722.674	185.015	1677.417	232.606	197.308	1731.086	180.697	371.7	1742.396	1712.539	1739.765	1654.96	413.937	1761.2	283.64	197.614	249.621	1703.082	445.467	1768.919	430.003	1730.487	1763.975	390.198	1744.782	1711.473	409.975	354.366	1688.343	434.356	386.484	1684.776	279.413	424.608	1679.245	442.061	1696.499	1666.751	455.028	373.148	286.472	165.534	447.831	428.908	1718.948	1705.063	225.406	1758.228	447.977	278.97	1687.329	1708.408	1660.921	423.141	1752.707	
SHH_WT_models_highres23364.py	1710.197	354.72	357.091	1690.192	1655.878	1712.546	0.0	1688.599	1693.536	1708.772	1744.507	1745.762	1737.091	1709.298	1707.216	1747.906	1715.177	389.188	1731.852	1639.105	1735.873	1705.401	1688.835	1718.081	207.512	216.418	436.658	382.569	1720.133	1726.66	380.908	1705.727	230.999	1704.003	1708.293	207.542	1723.701	1730.74	398.021	376.445	375.639	243.652	1684.482	612.174	1646.536	1723.27	1727.094	262.001	1694.281	414.093	1748.15	262.507	333.748	1712.642	404.73	380.16	1740.815	1744.131	243.54	1686.962	1746.366	237.659	1723.788	1733.172	385.074	1760.517	202.436	255.706	1745.816	1691.699	1667.153	1699.53	1743.038	1697.131	400.428	448.632	1729.261	437.178	1712.888	1714.788	248.27	415.01	480.176	1766.516	403.556	
SHH_WT_models_highres15190.py	277.212	1707.229	1707.997	404.441	268.025	396.695	1688.599	0.0	195.697	273.467	357.068	224.622	265.326	351.861	394.994	242.18	276.785	1732.007	238.149	414.711	255.177	428.717	263.778	268.615	1704.152	1677.305	1678.28	1717.595	243.541	398.105	1695.308	392.427	1666.48	382.586	406.726	1707.732	416.901	297.931	1720.352	1704.717	1718.412	1630.556	156.13	1762.393	359.149	420.187	450.084	1696.899	288.396	1726.316	268.197	1721.975	1701.775	237.563	1707.228	1675.255	253.7	322.139	1669.247	225.068	325.347	1679.44	394.831	335.566	1635.197	269.545	1668.087	1654.234	383.255	300.597	404.052	440.095	334.416	235.761	1683.969	1681.715	393.855	1700.018	327.857	378.411	1673.607	1702.612	1625.086	388.359	1722.566	
SHH_WT_models_highres27253.py	278.804	1709.956	1712.145	419.939	238.605	405.346	1693.536	195.697	0.0	299.501	386.21	252.605	296.541	401.691	393.83	260.742	305.682	1736.989	265.918	403.289	281.699	432.685	297.453	266.878	1712.553	1680.397	1682.656	1721.297	267.693	384.127	1698.428	418.589	1671.51	418.342	403.556	1719.447	434.3	246.909	1726.311	1708.267	1722.433	1635.381	176.245	1766.294	334.825	372.544	464.806	1698.046	316.545	1734.579	276.536	1726.27	1705.423	303.337	1711.033	1684.2	268.377	307.619	1661.331	124.401	331.288	1683.347	404.441	396.469	1640.602	327.876	1672.421	1656.803	401.606	328.324	394.468	448.698	339.971	199.999	1688.065	1686.857	389.85	1700.979	292.45	383.79	1678.244	1704.289	1627.24	363.565	1728.573	
SHH_WT_models_highres12843.py	114.761	1728.48	1732.364	323.785	298.403	349.57	1708.772	273.467	299.501	0.0	292.577	247.783	253.747	354.763	343.219	280.143	182.093	1752.901	281.564	433.399	281.427	348.687	295.27	263.166	1731.067	1687.886	1700.17	1739.331	251.695	401.178	1718.08	339.411	1683.141	356.965	381.77	1729.567	341.294	243.642	1742.293	1719.321	1739.799	1649.593	308.244	1777.158	424.318	376.887	390.863	1715.529	330.379	1752.436	310.094	1738.157	1720.75	283.309	1732.186	1702.708	281.881	229.444	1688.111	331.703	182.414	1691.804	414.014	272.017	1655.271	335.427	1693.269	1670.029	338.963	181.672	428.26	363.898	368.909	335.671	1712.123	1712.57	386.534	1713.098	325.904	391.438	1687.573	1715.344	1642.494	286.618	1747.604	
SHH_WT_models_highres42759.py	280.723	1763.757	1767.223	427.102	384.421	440.743	1744.507	357.068	386.21	292.577	0.0	341.125	387.738	438.148	458.31	380.78	342.631	1785.953	388.095	510.35	398.777	418.864	415.839	336.721	1757.781	1714.081	1721.325	1776.399	361.55	485.541	1754.318	411.435	1708.39	460.889	460.77	1754.207	443.897	372.251	1777.371	1755.021	1777.717	1684.922	401.277	1766.97	510.837	479.13	351.34	1739.597	322.028	1787.245	402.828	1760.857	1744.425	398.589	1769.827	1739.443	333.115	362.627	1718.602	411.351	329.598	1713.001	502.805	429.153	1694.841	429.852	1725.433	1700.733	466.409	328.088	499.815	454.129	483.237	424.955	1749.479	1748.018	453.989	1732.645	323.72	470.723	1712.264	1747.548	1666.413	214.876	1785.769	
SHH_WT_models_highres31883.py	237.355	1767.302	1762.828	380.223	357.742	364.248	1745.762	224.622	252.605	247.783	341.125	0.0	175.051	339.472	396.32	148.74	253.945	1780.201	121.508	480.309	166.661	411.291	339.182	180.938	1764.951	1729.159	1737.332	1763.345	155.836	351.196	1752.78	412.819	1719.741	362.7	343.481	1764.217	394.23	261.832	1780.503	1764.497	1764.128	1680.82	250.347	1802.723	404.64	361.895	426.13	1752.27	363.857	1778.077	200.257	1769.79	1753.212	207.065	1762.327	1734.994	140.847	250.952	1722.322	270.389	295.544	1729.598	356.556	318.798	1693.964	273.778	1724.336	1710.387	344.56	288.959	481.418	418.126	277.801	280.301	1741.853	1737.808	317.244	1745.679	369.965	359.816	1725.699	1762.907	1687.317	338.173	1767.654	
SHH_WT_models_highres47931.py	280.411	1754.231	1745.78	396.562	375.107	365.912	1737.091	265.326	296.541	253.747	387.738	175.051	0.0	347.487	364.614	203.391	231.604	1770.262	172.506	486.103	155.332	418.288	261.621	309.377	1764.022	1727.035	1723.084	1748.868	200.982	372.123	1740.478	418.749	1715.685	340.821	391.055	1761.142	397.589	255.62	1768.176	1753.666	1751.898	1672.718	263.746	1813.672	416.139	375.553	427.86	1750.824	332.217	1761.935	243.102	1767.576	1755.064	221.392	1742.862	1721.494	267.137	189.163	1720.428	338.884	271.145	1730.499	361.123	199.752	1679.063	278.178	1718.359	1703.763	251.452	324.539	465.262	416.203	256.308	267.317	1725.905	1719.343	361.518	1748.214	333.359	408.235	1721.594	1752.665	1679.659	368.806	1752.934	
SHH_WT_models_highres48059.py	372.687	1739.211	1740.746	190.797	439.412	188.808	1709.298	351.861	401.691	354.763	438.148	339.472	347.487	0.0	218.143	361.868	387.884	1753.211	360.368	281.766	349.164	241.424	406.219	372.215	1728.148	1685.901	1714.619	1739.985	369.124	230.993	1725.442	248.16	1677.782	192.81	186.507	1726.676	203.128	384.632	1742.244	1721.82	1745.265	1649.16	379.066	1769.607	257.49	259.71	277.451	1705.418	444.473	1761.747	384.864	1735.051	1760.872	363.836	1737.738	1706.753	373.155	400.519	1689.637	434.693	418.434	1690.495	244.726	389.777	1673.173	414.827	1692.103	1667.793	442.672	395.829	335.673	213.029	418.001	408.757	1711.215	1697.88	201.779	1758.248	453.757	254.221	1688.579	1717.038	1656.744	465.801	1749.934	
SHH_WT_models_highres16260.py	356.102	1738.251	1737.572	191.366	402.211	174.957	1707.216	394.994	393.83	343.219	458.31	396.32	364.614	218.143	0.0	401.786	354.639	1747.865	398.369	265.507	388.212	223.584	377.945	426.925	1731.182	1679.514	1713.177	1732.615	382.022	248.246	1717.268	203.008	1673.222	242.55	254.05	1728.383	215.069	380.698	1733.853	1714.032	1733.971	1647.623	404.053	1769.044	260.316	208.063	280.698	1702.236	414.768	1762.367	411.143	1731.115	1760.125	395.896	1740.761	1703.7	436.181	356.847	1686.166	428.106	365.522	1686.212	269.481	389.241	1671.981	419.214	1692.106	1658.663	418.981	377.237	257.929	206.685	431.585	404.884	1712.47	1696.888	276.724	1752.477	418.522	300.812	1683.56	1704.476	1650.594	430.163	1744.277	
SHH_WT_models_highres39011.py	285.348	1766.334	1757.802	398.324	388.163	392.806	1747.906	242.18	260.742	280.143	380.78	148.74	203.391	361.868	401.786	0.0	283.344	1773.011	105.16	494.059	147.214	418.06	361.61	224.23	1764.65	1736.283	1735.287	1752.015	184.539	334.791	1749.307	430.105	1725.172	341.45	373.541	1769.183	406.641	269.914	1776.997	1764.467	1756.289	1681.081	265.231	1811.223	403.262	376.304	446.974	1758.118	378.228	1772.398	120.531	1770.478	1760.498	183.843	1755.237	1732.651	175.681	282.864	1722.472	281.435	292.882	1735.896	317.056	309.614	1693.046	215.87	1724.503	1714.195	293.252	338.413	469.644	453.501	194.613	249.177	1737.272	1729.319	342.226	1749.846	357.344	344.313	1731.186	1765.133	1690.551	357.446	1757.028	
SHH_WT_models_highres7416.py	189.08	1737.614	1737.764	369.463	320.731	369.569	1715.177	276.785	305.682	182.093	342.631	253.945	231.604	387.884	354.639	283.344	0.0	1761.6	272.591	467.732	288.545	385.85	262.593	317.638	1740.347	1693.919	1708.551	1744.266	201.879	401.953	1726.103	370.421	1689.966	377.746	400.859	1736.269	395.263	309.488	1748.246	1728.901	1744.837	1656.737	304.825	1784.697	429.274	379.6	417.705	1723.628	305.379	1758.883	311.556	1744.407	1724.325	254.926	1738.158	1706.362	305.003	221.343	1702.666	317.988	185.25	1700.589	419.2	276.969	1663.211	304.825	1698.847	1677.049	337.17	204.652	447.759	392.676	361.556	325.693	1717.443	1713.928	388.178	1715.42	347.931	424.482	1695.485	1723.616	1650.542	323.734	1750.438	
SHH_WT_models_highres24273.py	1752.625	224.025	234.245	1730.914	1690.895	1750.582	389.188	1732.007	1736.989	1752.901	1785.953	1780.201	1770.262	1753.211	1747.865	1773.011	1761.6	0.0	1774.228	1672.46	1767.545	1740.01	1723.653	1771.793	391.911	352.537	354.689	217.436	1776.931	1755.756	199.982	1743.046	354.677	1737.982	1747.539	374.343	1762.285	1763.055	148.36	183.264	181.791	457.421	1728.686	675.787	1697.065	1772.92	1754.687	369.6	1733.152	194.827	1783.721	332.794	478.898	1760.52	329.458	222.837	1781.494	1777.723	428.271	1742.449	1787.328	355.111	1755.464	1767.441	381.007	1784.76	404.736	393.877	1779.945	1736.111	1706.713	1732.591	1790.485	1741.563	348.786	369.559	1763.907	495.624	1746.919	1756.021	374.108	196.954	426.882	1802.342	242.397	
SHH_WT_models_highres44329.py	285.175	1760.377	1755.055	395.319	388.153	376.784	1731.852	238.149	265.918	281.564	388.095	121.508	172.506	360.368	398.369	105.16	272.591	1774.228	0.0	494.803	123.022	424.013	354.69	232.738	1748.403	1714.822	1728.819	1753.233	159.034	334.586	1746.062	426.623	1705.842	345.313	367.571	1749.644	402.847	282.415	1771.638	1757.758	1757.848	1665.603	259.432	1793.585	400.686	366.071	443.296	1738.562	374.578	1772.587	163.582	1750.777	1741.573	187.528	1753.026	1727.112	178.822	258.8	1706.248	278.033	291.869	1714.681	320.956	306.701	1686.979	225.901	1706.92	1695.495	303.752	326.571	465.911	446.369	199.43	245.868	1731.789	1722.678	332.885	1732.95	371.867	345.206	1711.787	1755.482	1678.019	366.396	1757.897	
SHH_WT_models_highres8834.py	434.728	1660.658	1666.72	272.85	392.862	262.994	1639.105	414.711	403.289	433.399	510.35	480.309	486.103	281.766	265.507	494.059	467.732	1672.46	494.803	0.0	476.942	292.359	439.893	478.947	1655.968	1608.696	1645.428	1665.091	487.771	340.655	1642.142	272.465	1605.331	342.524	310.619	1659.847	293.652	428.313	1662.18	1635.743	1665.952	1586.255	425.724	1702.99	232.026	317.066	353.742	1627.462	469.86	1684.829	507.401	1663.346	1696.494	486.752	1666.864	1632.668	499.851	482.848	1608.237	442.45	492.59	1616.668	384.945	516.727	1610.999	524.612	1620.924	1591.891	554.515	443.521	242.702	253.963	538.484	453.379	1641.284	1635.186	349.628	1699.009	461.275	346.35	1615.929	1629.854	1585.138	517.937	1678.403	
SHH_WT_models_highres30274.py	295.209	1754.228	1746.14	394.666	390.54	370.259	1735.873	255.177	281.699	281.427	398.777	166.661	155.332	349.164	388.212	147.214	288.545	1767.545	123.022	476.942	0.0	418.506	339.112	275.434	1758.715	1726.643	1722.762	1745.105	202.306	352.676	1738.398	430.838	1714.319	342.834	378.827	1761.392	378.653	244.115	1765.261	1752.081	1749.692	1669.698	279.056	1810.122	405.772	372.935	440.429	1748.135	376.136	1763.185	187.12	1764.539	1754.604	197.28	1743.355	1720.068	232.885	247.555	1713.481	322.028	291.31	1729.075	336.204	254.919	1680.707	250.146	1714.413	1702.714	266.916	324.954	457.564	432.017	225.353	236.09	1724.305	1718.248	353.077	1750.448	359.382	365.324	1720.549	1751.909	1679.22	377.864	1747.087	
SHH_WT_models_highres4341.py	358.667	1735.145	1741.809	158.871	437.788	178.481	1705.401	428.717	432.685	348.687	418.864	411.291	418.288	241.424	223.584	418.06	385.85	1740.01	424.013	292.359	418.506	0.0	450.456	424.154	1721.641	1665.591	1715.18	1736.54	400.556	253.724	1717.332	171.527	1668.23	247.929	241.804	1719.337	187.934	396.528	1735.995	1703.05	1733.257	1654.38	452.975	1737.99	306.887	261.519	249.03	1691.634	455.26	1764.753	449.314	1716.596	1752.464	413.543	1743.817	1717.363	430.744	404.804	1680.8	456.616	370.973	1670.787	312.38	441.978	1677.931	471.331	1691.328	1658.383	468.096	389.924	295.543	182.868	485.34	453.146	1721.089	1702.993	263.281	1745.21	444.751	292.64	1675.811	1700.899	1654.675	421.213	1752.079	
SHH_WT_models_highres7736.py	331.093	1698.742	1695.808	448.213	282.192	424.855	1688.835	263.778	297.453	295.27	415.839	339.182	261.621	406.219	377.945	361.61	262.593	1723.653	354.69	439.893	339.112	450.456	0.0	413.965	1715.654	1685.006	1667.875	1703.653	327.29	462.643	1691.493	421.342	1675.519	421.76	476.703	1715.786	443.525	345.053	1714.276	1699.943	1707.603	1632.583	246.079	1767.07	406.924	448.929	471.405	1703.102	244.84	1716.51	378.274	1725.922	1711.468	354.563	1694.17	1669.695	397.353	287.701	1680.334	339.65	312.507	1692.783	463.026	267.339	1621.279	372.139	1674.86	1660.47	358.25	344.632	413.232	435.007	406.622	300.07	1673.491	1673.535	456.124	1708.675	294.3	489.311	1682.79	1696.153	1623.428	429.563	1710.531	
SHH_WT_models_highres8869.py	225.643	1743.627	1749.254	377.391	377.557	406.914	1718.081	268.615	266.878	263.166	336.721	180.938	309.377	372.215	426.925	224.23	317.638	1771.793	232.738	478.947	275.434	424.154	413.965	0.0	1731.933	1700.852	1718.465	1758.224	237.821	379.99	1733.352	432.857	1690.878	412.557	347.934	1735.083	406.389	307.095	1757.7	1741.51	1757.944	1657.272	309.128	1776.142	412.536	373.191	452.346	1719.292	422.011	1771.914	229.901	1749.651	1722.306	284.356	1749.492	1719.231	149.935	349.664	1688.833	262.476	332.432	1700.009	387.691	411.776	1676.863	325.639	1698.768	1678.483	432.71	288.809	502.068	446.671	353.575	336.224	1727.205	1724.697	349.616	1718.311	414.647	346.744	1696.15	1734.08	1654.912	342.609	1764.017	
SHH_WT_models_highres1378.py	1731.512	347.206	380.108	1707.478	1678.462	1733.073	207.512	1704.152	1712.553	1731.067	1757.781	1764.951	1764.022	1728.148	1731.182	1764.65	1740.347	391.911	1748.403	1655.968	1758.715	1721.641	1715.654	1731.933	0.0	272.749	440.619	446.014	1740.521	1734.218	401.872	1722.208	253.067	1720.104	1720.145	175.368	1744.141	1754.771	405.775	414.912	430.877	307.932	1702.227	600.428	1664.514	1745.791	1733.725	259.18	1717.118	364.752	1762.501	292.91	354.058	1730.025	405.827	394.9	1749.194	1773.464	227.955	1704.768	1771.636	244.284	1732.876	1761.049	447.655	1776.803	212.763	281.415	1775.101	1714.024	1687.697	1720.801	1756.882	1718.724	428.379	492.012	1736.141	484.244	1734.368	1719.71	267.565	452.26	501.59	1778.643	452.415	
SHH_WT_models_highres4863.py	1687.369	368.543	392.073	1656.285	1643.307	1678.41	216.418	1677.305	1680.397	1687.886	1714.081	1729.159	1727.035	1685.901	1679.514	1736.283	1693.919	352.537	1714.822	1608.696	1726.643	1665.591	1685.006	1700.852	272.749	0.0	491.435	382.893	1701.683	1686.882	359.252	1668.502	146.349	1671.341	1668.928	230.759	1690.678	1717.597	350.357	317.269	359.022	356.442	1673.78	586.682	1626.601	1691.33	1680.003	235.834	1678.848	412.388	1734.187	257.366	370.701	1696.701	474.559	378.277	1717.319	1732.982	279.225	1673.755	1725.437	109.536	1689.926	1728.647	477.825	1744.135	275.502	166.525	1734.366	1668.495	1641.388	1661.093	1722.746	1686.053	466.308	508.536	1689.879	470.43	1697.141	1677.699	152.984	327.03	476.905	1729.412	396.658	
SHH_WT_models_highres42121.py	1701.051	325.854	335.228	1700.078	1639.014	1717.311	436.658	1678.28	1682.656	1700.17	1721.325	1737.332	1723.084	1714.619	1713.177	1735.287	1708.551	354.689	1728.819	1645.428	1722.762	1715.18	1667.875	1718.465	440.619	491.435	0.0	403.748	1721.532	1738.664	378.114	1717.627	489.936	1713.227	1722.64	458.252	1730.062	1711.414	376.459	372.673	397.715	424.728	1675.212	691.558	1659.964	1736.375	1738.477	451.771	1669.432	322.859	1742.67	467.307	511.541	1707.751	376.026	358.333	1742.84	1720.882	446.793	1687.282	1732.437	500.338	1733.386	1715.833	304.408	1753.058	441.037	513.93	1732.236	1686.567	1674.619	1707.188	1746.897	1688.363	385.487	448.848	1749.739	570.014	1681.173	1732.014	507.768	432.247	309.346	1746.813	422.856	
SHH_WT_models_highres44157.py	1741.061	306.06	240.607	1725.246	1680.862	1743.91	382.569	1717.595	1721.297	1739.331	1776.399	1763.345	1748.868	1739.985	1732.615	1752.015	1744.266	217.436	1753.233	1665.091	1745.105	1736.54	1703.653	1758.224	446.014	382.893	403.748	0.0	1757.53	1752.556	282.075	1739.475	394.629	1724.437	1742.148	404.231	1754.768	1745.952	257.96	256.652	206.043	419.006	1712.903	711.996	1681.966	1759.271	1757.667	418.356	1716.404	310.372	1760.98	310.119	489.757	1742.287	310.276	266.354	1770.618	1758.857	462.825	1727.138	1767.335	409.516	1745.954	1742.997	366.314	1759.966	407.165	442.897	1749.411	1727.369	1696.671	1723.598	1762.025	1720.46	282.901	276.313	1763.5	441.583	1728.474	1756.537	418.192	295.776	466.095	1795.929	170.497	
SHH_WT_models_highres38493.py	242.578	1752.175	1749.727	381.535	352.142	373.815	1720.133	243.541	267.693	251.695	361.55	155.836	200.982	369.124	382.022	184.539	201.879	1776.931	159.034	487.771	202.306	400.556	327.29	237.821	1740.521	1701.683	1721.532	1757.53	0.0	354.502	1739.002	411.96	1694.766	371.272	361.664	1737.863	408.747	305.363	1763.883	1746.901	1758.714	1658.265	277.321	1780.737	391.292	354.197	429.77	1726.682	339.243	1772.837	213.935	1742.123	1725.39	171.982	1749.34	1722.396	212.579	253.538	1702.495	265.036	254.406	1704.56	361.005	309.652	1676.996	254.922	1701.716	1683.232	331.207	273.748	466.963	415.829	292.459	264.24	1725.828	1716.956	332.945	1716.324	379.522	372.047	1699.658	1743.012	1662.998	347.572	1762.031	
SHH_WT_models_highres32152.py	404.438	1753.25	1752.496	236.622	476.542	221.672	1726.66	398.105	384.127	401.178	485.541	351.196	372.123	230.993	248.246	334.791	401.953	1755.756	334.586	340.655	352.676	253.724	462.643	379.99	1734.218	1686.882	1738.664	1752.556	354.502	0.0	1741.296	287.108	1688.802	201.544	175.438	1730.452	251.67	403.719	1756.478	1729.206	1751.464	1672.175	400.267	1744.876	242.673	186.869	314.387	1706.864	473.383	1779.047	348.506	1717.121	1759.418	371.766	1758.764	1735.861	362.13	411.62	1696.735	392.743	408.014	1688.963	145.685	445.103	1703.553	380.98	1702.118	1682.421	433.547	438.72	328.338	283.272	356.19	378.071	1732.804	1701.41	156.178	1743.354	458.976	167.156	1696.581	1727.786	1672.234	456.327	1770.157	
SHH_WT_models_highres9291.py	1715.091	246.025	233.495	1703.381	1651.447	1722.674	380.908	1695.308	1698.428	1718.08	1754.318	1752.78	1740.478	1725.442	1717.268	1749.307	1726.103	199.982	1746.062	1642.142	1738.398	1717.332	1691.493	1733.352	401.872	359.252	378.114	282.075	1739.002	1741.296	0.0	1717.806	382.253	1718.595	1728.83	422.807	1735.613	1728.674	207.218	194.61	177.532	456.618	1695.139	703.906	1663.163	1740.324	1743.441	387.335	1699.056	249.537	1756.537	364.466	484.174	1723.444	328.621	242.191	1760.042	1745.242	409.924	1701.606	1752.473	365.974	1738.473	1735.689	365.704	1763.902	413.741	398.338	1749.814	1699.648	1672.044	1710.329	1762.233	1705.372	352.007	375.99	1758.36	493.504	1715.783	1734.743	398.919	227.639	426.115	1772.031	293.923	
SHH_WT_models_highres49590.py	350.425	1740.827	1744.505	177.556	400.018	185.015	1705.727	392.427	418.589	339.411	411.435	412.819	418.749	248.16	203.008	430.105	370.421	1743.046	426.623	272.465	430.838	171.527	421.342	432.857	1722.208	1668.502	1717.627	1739.475	411.96	287.108	1717.806	0.0	1669.683	263.759	282.157	1720.603	205.504	410.94	1739.263	1706.745	1734.449	1652.274	424.914	1747.326	308.082	285.102	252.818	1694.888	425.91	1765.056	458.894	1720.816	1755.33	425.626	1747.046	1709.208	435.539	397.04	1684.37	441.849	362.43	1673.024	334.507	439.393	1678.827	439.272	1689.696	1660.315	471.52	366.363	246.343	210.801	479.866	452.383	1722.061	1705.483	297.037	1747.343	433.792	293.861	1678.609	1704.153	1660.945	412.326	1752.858	
SHH_WT_models_highres12741.py	1681.831	384.737	401.249	1655.568	1636.531	1677.417	230.999	1666.48	1671.51	1683.141	1708.39	1719.741	1715.685	1677.782	1673.222	1725.172	1689.966	354.677	1705.842	1605.331	1714.319	1668.23	1675.519	1690.878	253.067	146.349	489.936	394.629	1694.766	1688.802	382.253	1669.683	0.0	1669.58	1668.953	182.498	1689.159	1709.736	344.817	361.869	389.917	328.827	1662.802	598.842	1621.566	1690.558	1681.044	260.072	1672.254	407.902	1720.496	247.85	361.859	1686.878	468.372	374.634	1710.24	1725.13	283.514	1667.459	1722.552	128.452	1685.22	1717.482	489.538	1735.626	264.74	126.226	1723.696	1662.751	1641.298	1661.298	1713.354	1677.142	455.704	493.148	1691.326	452.225	1689.958	1680.22	92.567	350.221	487.043	1726.09	405.494	
SHH_WT_models_highres32352.py	389.65	1735.407	1732.079	234.069	468.295	232.606	1704.003	382.586	418.342	356.965	460.889	362.7	340.821	192.81	242.55	341.45	377.746	1737.982	345.313	342.524	342.834	247.929	421.76	412.557	1720.104	1671.341	1713.227	1724.437	371.272	201.544	1718.595	263.759	1669.58	0.0	251.088	1717.36	231.583	389.533	1733.693	1709.476	1726.758	1641.854	398.377	1752.482	298.458	286.168	305.104	1698.174	448.686	1757.708	366.673	1704.698	1748.215	358.732	1729.813	1706.084	390.847	392.504	1681.125	451.439	381.179	1675.002	188.581	363.007	1672.209	380.057	1680.867	1663.67	366.131	417.749	326.643	272.092	349.222	393.685	1704.76	1674.03	245.296	1726.767	428.099	252.793	1679.013	1708.906	1656.608	457.283	1738.527	
SHH_WT_models_highres27213.py	372.669	1740.209	1744.506	189.989	468.201	197.308	1708.293	406.726	403.556	381.77	460.77	343.481	391.055	186.507	254.05	373.541	400.859	1747.539	367.571	310.619	378.827	241.804	476.703	347.934	1720.145	1668.928	1722.64	1742.148	361.664	175.438	1728.83	282.157	1668.953	251.088	0.0	1715.948	228.171	404.62	1742.736	1713.227	1745.386	1652.894	417.338	1734.205	267.766	174.061	291.878	1689.135	489.806	1769.62	389.445	1716.725	1748.023	388.772	1747.722	1719.405	359.94	425.808	1680.375	413.484	433.696	1672.744	237.365	468.014	1689.078	436.761	1688.943	1661.608	492.731	402.788	370.248	220.807	432.491	426.995	1720.444	1700.807	130.052	1741.914	491.904	214.756	1677.793	1710.675	1656.799	452.842	1758.285	
SHH_WT_models_highres4191.py	1730.756	376.641	397.404	1707.258	1683.817	1731.086	207.542	1707.732	1719.447	1729.567	1754.207	1764.217	1761.142	1726.676	1728.383	1769.183	1736.269	374.343	1749.644	1659.847	1761.392	1719.337	1715.786	1735.083	175.368	230.759	458.252	404.231	1737.863	1730.452	422.807	1720.603	182.498	1717.36	1715.948	0.0	1744.316	1758.889	385.917	403.106	427.45	311.783	1704.936	588.3	1670.15	1743.775	1726.197	257.303	1716.388	380.194	1765.124	260.563	329.31	1729.708	451.903	371.758	1750.446	1774.548	294.552	1712.653	1772.518	209.255	1730.308	1760.021	465.925	1779.238	242.621	228.993	1773.999	1712.715	1694.485	1715.087	1758.215	1724.33	444.719	496.637	1730.192	450.666	1737.868	1721.872	195.475	420.383	497.328	1774.401	406.885	
SHH_WT_models_highres45161.py	356.173	1753.418	1756.36	149.22	449.35	180.697	1723.701	416.901	434.3	341.294	443.897	394.23	397.589	203.128	215.069	406.641	395.263	1762.285	402.847	293.652	378.653	187.934	443.525	406.389	1744.141	1690.678	1730.062	1754.768	408.747	251.67	1735.613	205.504	1689.159	231.583	228.171	1744.316	0.0	398.054	1753.458	1726.651	1752.232	1665.201	445.497	1772.857	309.12	247.008	273.55	1714.427	468.661	1779.869	426.498	1743.145	1776.935	425.959	1755.12	1727.615	416.713	404.344	1701.344	459.661	369.221	1695.407	287.081	408.727	1690.586	442.914	1708.003	1678.584	439.16	362.027	298.668	196.915	458.982	434.652	1732.527	1717.94	260.817	1769.874	455.886	263.452	1698.112	1721.584	1669.805	436.711	1771.292	
SHH_WT_models_highres33371.py	247.356	1740.839	1739.084	392.018	316.417	371.7	1730.74	297.931	246.909	243.642	372.251	261.832	255.62	384.632	380.698	269.914	309.488	1763.055	282.415	428.313	244.115	396.528	345.053	307.095	1754.771	1717.597	1711.414	1745.952	305.363	403.719	1728.674	410.94	1709.736	389.533	404.62	1758.889	398.054	0.0	1760.347	1737.794	1748.403	1670.204	304.017	1806.732	422.793	377.29	435.589	1740.706	370.002	1755.181	306.426	1756.936	1747.109	284.486	1736.104	1713.358	303.335	241.669	1697.801	324.94	309.0	1720.994	421.99	319.021	1668.731	362.045	1710.99	1696.792	339.876	328.944	433.227	419.0	346.077	288.729	1718.482	1719.393	410.188	1743.558	301.827	406.627	1714.32	1738.577	1667.843	323.69	1750.606	
SHH_WT_models_highres36644.py	1740.214	225.465	242.102	1722.293	1680.841	1742.396	398.021	1720.352	1726.311	1742.293	1777.371	1780.503	1768.176	1742.244	1733.853	1776.997	1748.246	148.36	1771.638	1662.18	1765.261	1735.995	1714.276	1757.7	405.775	350.357	376.459	257.96	1763.883	1756.478	207.218	1739.263	344.817	1733.693	1742.736	385.917	1753.458	1760.347	0.0	202.469	218.115	469.216	1717.826	686.328	1683.509	1761.581	1757.379	375.353	1722.958	232.662	1781.65	376.655	478.547	1749.11	359.642	233.276	1786.094	1773.799	448.252	1728.709	1777.622	358.812	1751.023	1761.301	395.382	1790.405	424.66	369.928	1776.512	1722.013	1697.512	1725.628	1785.284	1732.064	367.108	404.565	1770.7	506.012	1741.175	1755.181	367.816	184.421	393.07	1797.227	275.678	
SHH_WT_models_highres5327.py	1717.57	249.876	263.611	1693.287	1659.658	1712.539	376.445	1704.717	1708.267	1719.321	1755.021	1764.497	1753.666	1721.82	1714.032	1764.467	1728.901	183.264	1757.758	1635.743	1752.081	1703.05	1699.943	1741.51	414.912	317.269	372.673	256.652	1746.901	1729.206	194.61	1706.745	361.869	1709.476	1713.227	403.106	1726.651	1737.794	202.469	0.0	195.705	455.199	1703.334	685.184	1662.72	1734.237	1726.843	367.309	1706.621	282.272	1773.656	368.039	480.899	1734.464	372.382	253.731	1769.83	1756.237	423.982	1709.354	1758.756	355.329	1734.338	1748.48	373.111	1778.437	416.741	383.372	1765.146	1699.289	1671.48	1693.646	1775.646	1717.893	378.471	426.691	1739.559	517.166	1723.866	1726.918	381.593	180.295	397.994	1772.787	272.751	
SHH_WT_models_highres40612.py	1739.482	285.935	233.932	1722.299	1677.426	1739.765	375.639	1718.412	1722.433	1739.799	1777.717	1764.128	1751.898	1745.265	1733.971	1756.289	1744.837	181.791	1757.848	1665.952	1749.692	1733.257	1707.603	1757.944	430.877	359.022	397.715	206.043	1758.714	1751.464	177.532	1734.449	389.917	1726.758	1745.386	427.45	1752.232	1748.403	218.115	195.705	0.0	444.056	1715.581	704.586	1685.794	1758.552	1756.039	401.973	1718.86	300.711	1764.897	334.619	492.899	1743.674	337.581	255.715	1770.569	1761.356	441.372	1726.534	1769.932	378.111	1747.469	1747.406	376.162	1769.603	406.961	414.789	1757.006	1722.477	1690.934	1726.216	1770.234	1724.109	351.487	336.677	1766.246	472.056	1733.293	1753.75	409.114	224.232	458.594	1796.078	227.457	
SHH_WT_models_highres7009.py	1651.094	444.848	399.526	1635.544	1603.479	1654.96	243.652	1630.556	1635.381	1649.593	1684.922	1680.82	1672.718	1649.16	1647.623	1681.081	1656.737	457.421	1665.603	1586.255	1669.698	1654.38	1632.583	1657.272	307.932	356.442	424.728	419.006	1658.265	1672.175	456.618	1652.274	328.827	1641.854	1652.894	311.783	1665.201	1670.204	469.216	455.199	444.056	0.0	1628.756	685.314	1593.551	1664.572	1673.583	385.378	1640.174	456.821	1678.46	297.813	392.937	1649.219	405.223	419.277	1677.447	1681.756	300.679	1631.973	1685.279	369.405	1662.936	1669.534	371.792	1694.689	219.374	379.124	1673.297	1632.318	1614.994	1643.965	1670.233	1635.706	376.771	405.628	1674.669	440.835	1653.854	1660.572	356.439	514.103	502.246	1704.41	446.767	
SHH_WT_models_highres45679.py	324.792	1702.839	1704.965	434.468	271.001	413.937	1684.482	156.13	176.245	308.244	401.277	250.347	263.746	379.066	404.053	265.231	304.825	1728.686	259.432	425.724	279.056	452.975	246.079	309.128	1702.227	1673.78	1675.212	1712.903	277.321	400.267	1695.139	424.914	1662.802	398.377	417.338	1704.936	445.497	304.017	1717.826	1703.334	1715.581	1628.756	0.0	1756.999	352.623	416.561	465.745	1691.469	278.032	1725.191	290.776	1719.923	1699.51	299.008	1703.275	1673.861	276.682	309.908	1661.932	214.67	351.556	1675.808	397.767	350.506	1632.792	310.718	1663.26	1649.094	394.456	361.991	404.876	458.107	319.737	216.108	1679.696	1678.78	398.528	1696.825	292.958	403.534	1670.181	1699.058	1622.662	406.428	1718.639	
SHH_WT_models_highres31237.py	1777.236	663.933	684.391	1741.714	1737.802	1761.2	612.174	1762.393	1766.294	1777.158	1766.97	1802.723	1813.672	1769.607	1769.044	1811.223	1784.697	675.787	1793.585	1702.99	1810.122	1737.99	1767.07	1776.142	600.428	586.682	691.558	711.996	1780.737	1744.876	703.906	1747.326	598.842	1752.482	1734.205	588.3	1772.857	1806.732	686.328	685.184	704.586	685.314	1756.999	0.0	1714.149	1766.011	1734.573	507.446	1754.735	697.653	1811.474	642.253	682.85	1784.314	750.656	704.263	1781.683	1817.078	617.774	1757.462	1809.191	577.852	1753.402	1810.391	761.755	1817.622	623.795	590.543	1828.706	1760.392	1732.042	1745.365	1804.056	1774.689	748.212	780.802	1740.132	765.804	1771.265	1740.28	595.419	673.638	692.002	1790.301	734.209	
SHH_WT_models_highres38046.py	428.777	1673.283	1676.479	284.981	403.633	283.64	1646.536	359.149	334.825	424.318	510.837	404.64	416.139	257.49	260.316	403.262	429.274	1697.065	400.686	232.026	405.772	306.887	406.924	412.536	1664.514	1626.601	1659.964	1681.966	391.292	242.673	1663.163	308.082	1621.566	298.458	267.766	1670.15	309.12	422.793	1683.509	1662.72	1685.794	1593.551	352.623	1714.149	0.0	258.919	359.171	1638.256	434.485	1704.561	405.592	1679.517	1700.258	413.456	1678.129	1652.619	413.698	454.027	1621.062	347.2	456.028	1633.449	278.555	475.764	1619.35	438.894	1629.573	1605.773	497.614	442.286	270.631	298.494	438.222	360.167	1650.763	1638.091	258.924	1702.742	438.913	257.917	1632.193	1657.307	1592.739	510.328	1696.171	
SHH_WT_models_highres46795.py	361.596	1758.167	1758.735	209.088	434.374	197.614	1723.27	420.187	372.544	376.887	479.13	361.895	375.553	259.71	208.063	376.304	379.6	1772.92	366.071	317.066	372.935	261.519	448.929	373.191	1745.791	1691.33	1736.375	1759.271	354.197	186.869	1740.324	285.102	1690.558	286.168	174.061	1743.775	247.008	377.29	1761.581	1734.237	1758.552	1664.572	416.561	1766.011	258.919	0.0	311.954	1710.936	468.853	1790.869	390.149	1741.972	1769.57	398.966	1762.788	1731.405	389.833	374.552	1693.687	381.522	392.739	1697.444	259.968	456.089	1695.051	418.08	1706.495	1676.486	456.614	398.74	328.922	250.93	415.387	392.108	1734.351	1718.436	199.528	1763.139	459.887	247.748	1699.365	1727.71	1669.249	426.148	1772.555	
SHH_WT_models_highres40714.py	400.741	1759.674	1765.329	250.639	468.703	249.621	1727.094	450.084	464.806	390.863	351.34	426.13	427.86	277.451	280.698	446.974	417.705	1754.687	443.296	353.742	440.429	249.03	471.405	452.346	1733.725	1680.003	1738.477	1757.667	429.77	314.387	1743.441	252.818	1681.044	305.104	291.878	1726.197	273.55	435.589	1757.379	1726.843	1756.039	1673.583	465.745	1734.573	359.171	311.954	0.0	1704.111	406.239	1782.417	469.881	1723.639	1761.946	451.291	1772.313	1738.172	435.546	414.455	1699.756	490.397	417.854	1681.627	354.954	461.584	1708.311	484.933	1706.731	1675.352	496.935	430.196	348.161	258.518	497.716	467.515	1746.975	1725.585	293.875	1754.225	405.838	335.519	1687.978	1721.375	1674.327	364.672	1774.672	
SHH_WT_models_highres32499.py	1714.107	331.286	365.041	1678.542	1664.073	1703.082	262.001	1696.899	1698.046	1715.529	1739.597	1752.27	1750.824	1705.418	1702.236	1758.118	1723.628	369.6	1738.562	1627.462	1748.135	1691.634	1703.102	1719.292	259.18	235.834	451.771	418.356	1726.682	1706.864	387.335	1694.888	260.072	1698.174	1689.135	257.303	1714.427	1740.706	375.353	367.309	401.973	385.378	1691.469	507.446	1638.256	1710.936	1704.111	0.0	1701.089	389.769	1755.031	335.885	421.516	1722.185	462.991	392.789	1738.159	1757.763	280.014	1690.174	1754.033	235.97	1710.157	1752.199	472.538	1769.745	294.726	249.383	1765.044	1695.785	1661.818	1686.192	1748.973	1705.701	460.598	516.531	1709.239	539.796	1718.187	1695.718	269.296	371.169	458.644	1758.392	447.674	
SHH_WT_models_highres46847.py	349.807	1708.312	1707.559	463.803	292.517	445.467	1694.281	288.396	316.545	330.379	322.028	363.857	332.217	444.473	414.768	378.228	305.379	1733.152	374.578	469.86	376.136	455.26	244.84	422.011	1717.118	1678.848	1669.432	1716.404	339.243	473.383	1699.056	425.91	1672.254	448.686	489.806	1716.388	468.661	370.002	1722.958	1706.621	1718.86	1640.174	278.032	1754.735	434.485	468.853	406.239	1701.089	0.0	1728.382	396.049	1726.673	1708.973	366.769	1709.497	1681.149	382.254	324.177	1681.48	347.492	325.778	1683.18	480.983	351.064	1635.343	368.128	1678.061	1658.145	392.631	369.17	401.226	468.036	431.452	297.271	1688.577	1685.341	478.467	1700.52	190.954	483.2	1678.467	1700.709	1622.499	318.101	1725.502	
SHH_WT_models_highres11523.py	1753.988	211.923	222.953	1748.853	1691.268	1768.919	414.093	1726.316	1734.579	1752.436	1787.245	1778.077	1761.935	1761.747	1762.367	1772.398	1758.883	194.827	1772.587	1684.829	1763.185	1764.753	1716.51	1771.914	364.752	412.388	322.859	310.372	1772.837	1779.047	249.537	1765.056	407.902	1757.708	1769.62	380.194	1779.869	1755.181	232.662	282.272	300.711	456.821	1725.191	697.653	1704.561	1790.869	1782.417	389.769	1728.382	0.0	1783.863	373.665	473.149	1755.048	299.364	238.221	1788.432	1765.865	430.529	1741.71	1777.832	412.7	1775.79	1757.177	368.652	1786.516	397.007	441.374	1768.871	1741.73	1718.496	1755.538	1788.127	1736.303	330.036	384.076	1789.376	530.827	1740.594	1771.682	425.173	323.111	412.577	1801.961	323.605	
